Time,T1,T2,Q1,Q2
0.0,20.6272,20.949499999999997,60,0
20.0,22.8833,20.949499999999997,60,0
21.0,22.8833,20.949499999999997,60,0
22.0,23.205599999999997,20.949499999999997,60,0
23.0,23.5279,20.949499999999997,60,0
25.0,23.5279,20.949499999999997,60,0
26.0,23.850199999999997,20.949499999999997,60,0
27.0,24.1725,20.949499999999997,60,0
28.0,24.1725,20.949499999999997,60,0
29.0,24.1725,21.2718,60,0
30.0,24.494799999999998,21.2718,60,0
31.0,24.817099999999996,21.2718,60,0
32.0,24.817099999999996,21.2718,60,0
33.0,25.1394,21.2718,60,0
34.0,25.1394,21.2718,60,0
35.0,25.461699999999997,21.2718,60,0
36.0,25.784,21.2718,60,0
37.0,25.784,21.2718,60,0
38.0,26.106299999999997,21.2718,60,0
39.0,26.4286,21.2718,60,0
40.0,26.4286,21.2718,60,0
41.0,26.4286,21.2718,60,0
42.0,26.750899999999998,21.2718,60,0
43.0,27.073199999999996,21.594099999999997,60,0
44.0,27.073199999999996,21.2718,60,0
45.0,27.3955,21.2718,60,0
46.0,27.717799999999997,21.594099999999997,60,0
47.0,27.717799999999997,21.594099999999997,60,0
48.0,28.0401,21.594099999999997,60,0
49.0,28.0401,21.594099999999997,60,0
50.0,28.362399999999997,21.594099999999997,60,0
51.0,28.6847,21.594099999999997,60,0
52.0,28.6847,21.594099999999997,60,0
53.0,29.006999999999998,21.594099999999997,60,0
54.0,29.006999999999998,21.594099999999997,60,0
55.0,29.329299999999996,21.9164,60,0
56.0,29.329299999999996,21.9164,60,0
57.0,29.6516,21.9164,60,0
58.0,29.973899999999997,21.9164,60,0
59.0,29.973899999999997,21.9164,60,0
60.0,30.2962,21.9164,60,0
61.0,30.2962,21.9164,60,0
62.0,30.618499999999997,21.9164,60,0
63.0,30.940799999999996,21.9164,60,0
64.0,30.940799999999996,22.238699999999998,60,0
65.0,30.940799999999996,21.9164,60,0
66.0,31.263099999999998,22.238699999999998,60,0
67.0,31.585399999999996,22.238699999999998,60,0
68.0,31.585399999999996,22.238699999999998,60,0
69.0,31.9077,22.238699999999998,60,0
70.0,31.9077,22.238699999999998,60,0
71.0,32.23,22.238699999999998,60,0
72.0,32.23,22.238699999999998,60,0
73.0,32.552299999999995,22.238699999999998,60,0
74.0,32.552299999999995,22.238699999999998,60,0
75.0,32.8746,22.238699999999998,60,0
76.0,32.8746,22.238699999999998,60,0
77.0,33.1969,22.238699999999998,60,0
79.0,33.5192,22.561,60,0
80.0,33.5192,22.561,60,0
81.0,33.841499999999996,22.561,60,0
82.0,33.841499999999996,22.561,60,0
83.0,34.163799999999995,22.561,60,0
84.0,34.163799999999995,22.561,60,0
85.0,34.4861,22.561,60,0
86.0,34.4861,22.561,60,0
87.0,34.8084,22.561,60,0
88.0,34.8084,22.561,60,0
89.0,35.1307,22.8833,60,0
90.0,35.1307,22.8833,60,0
91.0,35.452999999999996,22.8833,60,0
92.0,35.452999999999996,22.8833,60,0
93.0,35.775299999999994,22.8833,60,0
94.0,35.775299999999994,22.8833,60,0
95.0,36.0976,22.8833,60,0
96.0,36.0976,22.8833,60,0
97.0,36.4199,22.8833,60,0
98.0,36.4199,22.8833,60,0
99.0,36.4199,23.205599999999997,60,0
100.0,36.7422,22.8833,60,0
101.0,36.7422,22.8833,60,0
102.0,37.064499999999995,23.205599999999997,60,0
103.0,37.064499999999995,23.205599999999997,60,0
382.0,54.14639999999999,26.4286,60,0
383.0,54.14639999999999,26.4286,60,0
384.0,54.14639999999999,26.4286,60,0
385.0,54.14639999999999,26.4286,60,0
386.0,54.14639999999999,26.4286,60,0
387.0,54.14639999999999,26.4286,60,0
388.0,54.14639999999999,26.4286,60,0
390.9,54.4687,26.4286,60,0
391.0,54.14639999999999,26.4286,60,0
392.0,54.14639999999999,26.4286,60,0
393.0,54.4687,26.4286,60,0
394.0,54.14639999999999,26.4286,60,0
395.0,54.4687,26.4286,60,0
396.0,54.4687,26.4286,60,0
397.0,54.4687,26.4286,60,0
398.0,54.4687,26.4286,60,0
399.0,54.4687,26.4286,60,0
400.0,54.4687,26.4286,60,0
401.0,54.4687,26.4286,60,0
402.0,54.4687,26.4286,60,0
403.0,54.4687,26.4286,60,0
404.0,54.4687,26.4286,60,0
405.0,54.4687,26.4286,60,0
406.0,54.4687,26.4286,60,0
407.0,54.4687,26.4286,60,0
408.0,54.4687,26.4286,60,0
409.0,54.4687,26.4286,60,0
410.0,54.791,26.4286,60,0
411.0,54.4687,26.4286,60,0
412.0,54.791,26.4286,60,0
413.0,54.791,26.4286,60,0
414.0,54.791,26.4286,60,0
415.0,54.791,26.4286,60,0
416.0,54.791,26.4286,60,0
417.0,54.791,26.4286,60,0
418.0,54.791,26.4286,60,0
420.0,54.791,26.4286,60,0
421.0,54.791,26.4286,60,0
422.0,54.791,26.4286,60,0
423.0,54.791,26.4286,60,0
424.0,54.791,26.4286,60,0
425.0,54.791,26.4286,60,0
426.0,54.791,26.4286,60,0
427.0,54.791,26.4286,60,0
428.0,54.791,26.4286,60,0
429.0,54.791,26.4286,60,0
430.0,54.791,26.4286,60,0
431.0,54.791,26.4286,60,0
432.0,55.113299999999995,26.4286,60,0
433.0,54.791,26.4286,60,0
434.0,55.113299999999995,26.4286,60,0
435.0,55.113299999999995,26.4286,60,0
436.0,55.113299999999995,26.4286,60,0
437.0,55.113299999999995,26.4286,60,0
438.0,55.113299999999995,26.4286,60,0
439.0,55.113299999999995,26.4286,60,0
440.0,55.113299999999995,26.4286,60,0
441.0,55.113299999999995,26.4286,60,0
442.0,55.113299999999995,26.4286,60,0
443.0,55.113299999999995,26.4286,60,0
444.0,55.113299999999995,26.4286,60,0
445.0,55.113299999999995,26.4286,60,0
446.0,55.113299999999995,26.4286,60,0
447.0,55.113299999999995,26.4286,60,0
448.0,55.113299999999995,26.4286,60,0
449.0,55.113299999999995,26.4286,60,0
450.0,55.113299999999995,26.4286,60,0
451.0,55.113299999999995,26.4286,60,0
452.0,55.113299999999995,26.4286,60,0
453.0,55.113299999999995,26.4286,60,0
454.0,55.113299999999995,26.4286,60,0
455.0,55.113299999999995,26.4286,60,0
456.0,55.113299999999995,26.4286,60,0
457.0,55.113299999999995,26.4286,60,0
458.0,55.113299999999995,26.4286,60,0
459.0,55.113299999999995,26.4286,60,0
460.0,55.113299999999995,26.4286,60,0
461.0,55.435599999999994,26.4286,60,0
462.0,55.435599999999994,26.4286,60,0
463.0,55.435599999999994,26.750899999999998,60,0
464.0,55.435599999999994,26.4286,60,0
465.0,55.435599999999994,26.750899999999998,60,0
466.0,55.435599999999994,26.4286,60,0
467.0,55.435599999999994,26.4286,60,0
468.0,55.435599999999994,26.750899999999998,60,0
469.0,55.435599999999994,26.750899999999998,60,0
470.0,55.435599999999994,26.4286,60,0
471.0,55.435599999999994,26.4286,60,0
472.0,55.435599999999994,26.4286,60,0
473.0,55.435599999999994,26.4286,60,0
474.0,55.435599999999994,26.4286,60,0
475.0,55.435599999999994,26.750899999999998,60,0
476.0,55.435599999999994,26.750899999999998,60,0
477.0,55.435599999999994,26.750899999999998,60,0
478.0,55.435599999999994,26.4286,60,0
479.0,55.435599999999994,26.4286,60,0
480.0,55.435599999999994,26.750899999999998,60,0
481.0,55.435599999999994,26.750899999999998,60,0
482.0,55.435599999999994,26.750899999999998,60,0
483.0,55.435599999999994,26.750899999999998,60,0
484.0,55.435599999999994,26.750899999999998,60,0
485.0,55.435599999999994,26.750899999999998,60,0
486.0,55.435599999999994,26.750899999999998,60,0
487.0,55.435599999999994,26.750899999999998,60,0
488.0,55.435599999999994,26.750899999999998,60,0
489.0,55.435599999999994,26.750899999999998,60,0
490.0,55.435599999999994,26.4286,60,0
491.0,55.435599999999994,26.4286,60,0
492.0,55.75789999999999,26.750899999999998,60,0
493.0,55.435599999999994,26.750899999999998,60,0
494.0,55.75789999999999,26.750899999999998,60,0
495.0,55.75789999999999,26.4286,60,0
496.0,55.75789999999999,26.750899999999998,60,0
497.0,55.75789999999999,26.750899999999998,60,0
498.0,55.435599999999994,26.750899999999998,60,0
499.0,55.75789999999999,26.750899999999998,60,0
500.0,55.75789999999999,26.750899999999998,60,0
501.0,55.75789999999999,26.750899999999998,60,0
502.0,55.75789999999999,26.750899999999998,60,0
503.0,55.75789999999999,26.750899999999998,60,0
504.0,55.75789999999999,26.750899999999998,60,0
505.0,55.75789999999999,26.750899999999998,60,0
506.0,55.75789999999999,26.750899999999998,60,0
507.0,55.75789999999999,26.750899999999998,60,0
508.0,55.75789999999999,26.750899999999998,60,0
509.0,55.75789999999999,26.4286,60,0
510.0,55.75789999999999,26.750899999999998,60,0
511.0,55.75789999999999,26.750899999999998,60,0
512.0,55.75789999999999,26.750899999999998,60,0
513.0,55.75789999999999,26.4286,60,0
514.0,55.75789999999999,26.750899999999998,60,0
515.0,55.75789999999999,26.750899999999998,60,0
516.0,55.75789999999999,26.4286,60,0
517.0,55.75789999999999,26.750899999999998,60,0
518.0,55.75789999999999,26.750899999999998,60,0
519.0,55.75789999999999,26.750899999999998,60,0
520.0,55.75789999999999,26.750899999999998,60,0
521.0,55.75789999999999,26.750899999999998,60,0
522.0,55.75789999999999,26.750899999999998,60,0
523.0,55.75789999999999,26.750899999999998,60,0
524.0,55.75789999999999,26.750899999999998,60,0
525.0,55.75789999999999,26.750899999999998,60,0
526.0,55.75789999999999,26.750899999999998,60,0
527.0,55.75789999999999,26.750899999999998,60,0
528.0,55.75789999999999,26.750899999999998,60,0
529.0,55.75789999999999,26.750899999999998,60,0
530.0,56.0802,26.750899999999998,60,0
531.0,56.0802,26.750899999999998,60,0
532.0,55.75789999999999,26.750899999999998,60,0
533.0,55.75789999999999,26.750899999999998,60,0
534.0,55.75789999999999,26.750899999999998,60,0
535.0,55.75789999999999,26.750899999999998,60,0
536.0,56.0802,26.750899999999998,60,0
537.0,56.0802,26.750899999999998,60,0
538.0,56.0802,26.750899999999998,60,0
539.0,56.0802,26.750899999999998,60,0
540.0,56.0802,26.750899999999998,60,0
541.0,56.0802,26.750899999999998,60,0
542.0,55.75789999999999,26.750899999999998,60,0
544.0,56.0802,26.750899999999998,60,0
546.0,56.0802,26.750899999999998,60,0
547.0,56.0802,26.750899999999998,60,0
548.0,56.0802,26.750899999999998,60,0
549.0,56.0802,26.750899999999998,60,0
550.0,56.0802,26.750899999999998,60,0
551.0,56.0802,26.750899999999998,60,0
552.0,56.0802,26.750899999999998,60,0
553.0,56.0802,26.750899999999998,60,0
554.0,56.0802,26.750899999999998,60,0
555.0,56.0802,26.750899999999998,60,0
556.0,56.0802,26.750899999999998,60,0
557.0,56.0802,26.750899999999998,60,0
558.0,56.0802,26.750899999999998,60,0
559.0,56.0802,26.750899999999998,60,0
560.0,56.0802,26.750899999999998,60,0
561.0,56.0802,26.750899999999998,60,0
562.0,56.0802,26.750899999999998,60,0
563.0,56.0802,26.750899999999998,60,0
564.0,56.0802,26.750899999999998,60,0
565.0,56.0802,26.750899999999998,60,0
567.0,56.0802,26.750899999999998,60,0
568.0,56.0802,26.750899999999998,60,0
569.0,56.0802,26.750899999999998,60,0
570.0,56.0802,26.750899999999998,60,0
571.0,56.0802,26.750899999999998,60,0
572.0,56.0802,26.750899999999998,60,0
573.0,56.0802,26.750899999999998,60,0
574.0,56.0802,26.750899999999998,60,0
575.0,56.0802,26.750899999999998,60,0
576.0,56.0802,26.750899999999998,60,0
577.0,56.0802,26.750899999999998,60,0
578.0,56.0802,26.750899999999998,60,0
579.0,56.0802,26.750899999999998,60,0
580.0,56.0802,26.750899999999998,60,0
581.0,56.0802,26.750899999999998,60,0
582.0,56.0802,26.750899999999998,60,0
583.0,56.0802,26.750899999999998,60,0
584.0,56.0802,26.750899999999998,60,0
585.0,56.0802,26.750899999999998,60,0
586.0,56.0802,26.750899999999998,60,0
587.0,56.0802,26.750899999999998,60,0
588.0,56.0802,26.750899999999998,60,0
591.0,56.0802,26.750899999999998,60,0
592.0,56.402499999999996,26.750899999999998,60,0
593.0,56.0802,26.750899999999998,60,0
594.0,56.0802,26.750899999999998,60,0
595.0,56.0802,26.750899999999998,60,0
596.0,56.0802,26.750899999999998,60,0
597.0,56.0802,26.750899999999998,60,0
598.0,56.0802,26.750899999999998,60,0
599.0,56.402499999999996,26.750899999999998,60,0
600.0,56.402499999999996,26.750899999999998,60,0
601.0,56.0802,26.750899999999998,60,0
602.0,56.402499999999996,26.750899999999998,60,0
603.0,56.402499999999996,26.750899999999998,60,0
604.0,56.402499999999996,26.750899999999998,60,0
605.0,56.402499999999996,26.750899999999998,60,0
606.0,56.402499999999996,26.750899999999998,60,0
607.0,56.0802,26.750899999999998,60,0
608.0,56.402499999999996,26.750899999999998,60,0
609.0,56.402499999999996,26.750899999999998,60,0
610.0,56.0802,26.750899999999998,60,0
611.0,56.402499999999996,26.750899999999998,60,0
612.0,56.402499999999996,26.750899999999998,60,0
613.0,56.402499999999996,26.750899999999998,60,0
614.0,56.402499999999996,26.750899999999998,60,0
615.0,56.402499999999996,26.750899999999998,60,0
616.0,56.0802,26.750899999999998,60,0
617.0,56.402499999999996,26.750899999999998,60,0
618.0,56.402499999999996,26.750899999999998,60,0
619.0,56.402499999999996,26.750899999999998,60,0
620.0,56.402499999999996,26.750899999999998,60,0
621.0,56.402499999999996,26.750899999999998,60,0
623.0,56.402499999999996,26.750899999999998,60,0
624.0,56.402499999999996,26.750899999999998,60,0
625.0,56.402499999999996,26.750899999999998,60,0
626.0,56.402499999999996,26.750899999999998,60,0
627.0,56.402499999999996,26.750899999999998,60,0
628.0,56.402499999999996,26.750899999999998,60,0
629.0,56.402499999999996,26.750899999999998,60,0
630.0,56.402499999999996,26.750899999999998,60,0
632.0,56.402499999999996,26.750899999999998,60,0
633.0,56.402499999999996,26.750899999999998,60,0
634.0,56.402499999999996,26.750899999999998,60,0
636.0,56.402499999999996,26.750899999999998,60,0
637.0,56.402499999999996,26.750899999999998,60,0
638.0,56.402499999999996,26.750899999999998,60,0
639.0,56.402499999999996,26.750899999999998,60,0
640.0,56.402499999999996,26.750899999999998,60,0
641.0,56.402499999999996,26.750899999999998,60,0
642.0,56.402499999999996,26.750899999999998,60,0
643.0,56.402499999999996,26.750899999999998,60,0
644.0,56.402499999999996,26.750899999999998,60,0
645.0,56.402499999999996,26.750899999999998,60,0
646.0,56.402499999999996,26.750899999999998,60,0
647.0,56.402499999999996,26.750899999999998,60,0
648.0,56.402499999999996,26.750899999999998,60,0
649.0,56.402499999999996,26.750899999999998,60,0
650.0,56.402499999999996,26.750899999999998,60,0
651.0,56.402499999999996,26.750899999999998,60,0
652.0,56.402499999999996,26.750899999999998,60,0
653.0,56.402499999999996,26.750899999999998,60,0
654.0,56.402499999999996,26.750899999999998,60,0
655.0,56.402499999999996,26.750899999999998,60,0
656.0,56.402499999999996,26.750899999999998,60,0
657.0,56.402499999999996,26.750899999999998,60,0
658.0,56.402499999999996,26.750899999999998,60,0
659.0,56.402499999999996,26.750899999999998,60,0
660.0,56.402499999999996,26.750899999999998,60,0
661.0,56.402499999999996,26.750899999999998,60,0
662.0,56.402499999999996,26.750899999999998,60,0
663.0,56.402499999999996,26.750899999999998,60,0
664.0,56.402499999999996,26.750899999999998,60,0
665.0,56.402499999999996,26.750899999999998,60,0
666.0,56.402499999999996,26.750899999999998,60,0
667.0,56.402499999999996,26.750899999999998,60,0
668.0,56.402499999999996,26.750899999999998,60,0
669.0,56.402499999999996,26.750899999999998,60,0
670.0,56.402499999999996,26.750899999999998,60,0
671.0,56.402499999999996,26.750899999999998,60,0
672.0,56.402499999999996,26.750899999999998,60,0
673.0,56.402499999999996,26.750899999999998,60,0
674.0,56.402499999999996,26.750899999999998,60,0
675.0,56.402499999999996,26.750899999999998,60,0
676.0,56.402499999999996,26.750899999999998,60,0
677.0,56.402499999999996,26.750899999999998,60,0
678.0,56.402499999999996,26.750899999999998,60,0
679.0,56.402499999999996,26.750899999999998,60,0
680.0,56.402499999999996,26.750899999999998,60,0
681.0,56.402499999999996,26.750899999999998,60,0
682.0,56.402499999999996,26.750899999999998,60,0
683.0,56.402499999999996,26.750899999999998,60,0
684.0,56.402499999999996,26.750899999999998,60,0
685.0,56.402499999999996,26.750899999999998,60,0
686.0,56.402499999999996,26.750899999999998,60,0
687.0,56.402499999999996,26.750899999999998,60,0
688.0,56.402499999999996,26.750899999999998,60,0
689.0,56.402499999999996,26.750899999999998,60,0
690.0,56.402499999999996,26.750899999999998,60,0
691.0,56.402499999999996,26.750899999999998,60,0
692.0,56.402499999999996,26.750899999999998,60,0
693.0,56.402499999999996,26.750899999999998,60,0
694.0,56.724799999999995,26.750899999999998,60,0
695.0,56.402499999999996,26.750899999999998,60,0
696.0,56.402499999999996,26.750899999999998,60,0
697.0,56.402499999999996,26.750899999999998,60,0
698.0,56.402499999999996,26.750899999999998,60,0
699.0,56.724799999999995,26.750899999999998,60,0
700.0,56.402499999999996,26.750899999999998,60,0
