Time,T1,T2,Q1,Q2
0.0,20.949499999999997,20.949499999999997,40,0
1.0,20.949499999999997,20.949499999999997,40,0
2.0,20.949499999999997,20.949499999999997,40,0
3.0,20.949499999999997,20.949499999999997,40,0
4.0,20.949499999999997,20.949499999999997,40,0
5.0,20.949499999999997,20.949499999999997,40,0
6.0,20.949499999999997,20.949499999999997,40,0
7.0,21.2718,20.949499999999997,40,0
8.0,20.949499999999997,20.949499999999997,40,0
9.0,21.2718,20.6272,40,0
10.0,21.2718,20.949499999999997,40,0
11.0,21.2718,20.949499999999997,40,0
12.0,21.2718,20.949499999999997,40,0
13.0,21.594099999999997,20.949499999999997,40,0
14.0,21.594099999999997,20.949499999999997,40,0
15.0,21.594099999999997,20.949499999999997,40,0
16.0,21.594099999999997,20.949499999999997,40,0
17.0,21.9164,20.949499999999997,40,0
18.0,21.9164,20.949499999999997,40,0
19.0,21.9164,20.949499999999997,40,0
20.0,22.238699999999998,20.949499999999997,40,0
21.0,22.238699999999998,20.949499999999997,40,0
22.0,22.238699999999998,20.949499999999997,40,0
23.0,22.238699999999998,20.949499999999997,40,0
24.0,22.561,20.949499999999997,40,0
25.0,22.561,20.949499999999997,40,0
26.0,22.8833,20.949499999999997,40,0
27.0,22.8833,20.949499999999997,40,0
28.0,23.205599999999997,20.949499999999997,40,0
29.0,23.205599999999997,20.949499999999997,40,0
30.0,23.205599999999997,20.949499999999997,40,0
31.0,23.5279,20.949499999999997,40,0
32.0,23.5279,20.949499999999997,40,0
33.0,23.850199999999997,21.2718,40,0
34.0,23.850199999999997,21.2718,40,0
35.0,23.850199999999997,20.949499999999997,40,0
36.0,24.1725,20.949499999999997,40,0
37.0,24.1725,21.2718,40,0
38.0,24.1725,21.2718,40,0
39.0,24.494799999999998,21.2718,40,0
40.0,24.494799999999998,21.2718,40,0
41.0,24.817099999999996,21.2718,40,0
42.0,24.817099999999996,21.2718,40,0
43.0,24.817099999999996,21.2718,40,0
44.0,25.1394,21.2718,40,0
45.0,25.1394,21.2718,40,0
46.0,25.461699999999997,21.2718,40,0
47.0,25.461699999999997,21.2718,40,0
49.0,25.784,21.2718,40,0
50.0,25.784,21.2718,40,0
51.0,26.106299999999997,21.594099999999997,40,0
52.0,26.106299999999997,21.594099999999997,40,0
53.0,26.106299999999997,21.594099999999997,40,0
54.0,26.4286,21.2718,40,0
55.0,26.4286,21.594099999999997,40,0
56.0,26.750899999999998,21.594099999999997,40,0
57.0,26.750899999999998,21.594099999999997,40,0
58.0,26.750899999999998,21.594099999999997,40,0
59.0,27.073199999999996,21.594099999999997,40,0
60.0,27.073199999999996,21.594099999999997,40,0
61.0,27.3955,21.594099999999997,40,0
62.0,27.3955,21.594099999999997,40,0
63.0,27.3955,21.594099999999997,40,0
64.0,27.3955,21.594099999999997,40,0
65.0,27.717799999999997,21.594099999999997,40,0
66.0,27.717799999999997,21.594099999999997,40,0
67.0,28.0401,21.594099999999997,40,0
68.0,28.0401,21.594099999999997,40,0
69.0,28.0401,21.594099999999997,40,0
70.0,28.362399999999997,21.9164,40,0
71.0,28.362399999999997,21.9164,40,0
72.0,28.362399999999997,21.594099999999997,40,0
73.0,28.6847,21.9164,40,0
74.0,28.6847,21.9164,40,0
75.0,28.6847,21.9164,40,0
76.0,29.006999999999998,21.9164,40,0
77.0,29.006999999999998,21.9164,40,0
78.0,29.006999999999998,21.9164,40,0
79.0,29.329299999999996,21.9164,40,0
80.0,29.329299999999996,21.9164,40,0
81.0,29.6516,21.9164,40,0
82.0,29.6516,21.9164,40,0
83.0,29.6516,22.238699999999998,40,0
84.0,29.973899999999997,21.9164,40,0
85.0,29.973899999999997,21.9164,40,0
86.0,29.973899999999997,22.238699999999998,40,0
87.0,29.973899999999997,22.238699999999998,40,0
88.0,30.2962,22.238699999999998,40,0
89.0,30.2962,22.238699999999998,40,0
90.0,30.2962,22.238699999999998,40,0
91.0,30.618499999999997,22.238699999999998,40,0
92.0,30.618499999999997,22.238699999999998,40,0
93.0,30.618499999999997,22.238699999999998,40,0
94.0,30.940799999999996,22.238699999999998,40,0
95.0,30.940799999999996,22.238699999999998,40,0
96.0,30.940799999999996,22.238699999999998,40,0
97.0,31.263099999999998,22.238699999999998,40,0
98.0,31.263099999999998,22.238699999999998,40,0
99.0,31.263099999999998,22.238699999999998,40,0
100.0,31.263099999999998,22.238699999999998,40,0
101.0,31.585399999999996,22.238699999999998,40,0
102.0,31.585399999999996,22.238699999999998,40,0
103.0,31.585399999999996,22.238699999999998,40,0
104.0,31.9077,22.238699999999998,40,0
105.0,31.9077,22.561,40,0
106.0,31.9077,22.561,40,0
107.0,31.9077,22.561,40,0
108.0,32.23,22.561,40,0
109.0,32.23,22.561,40,0
110.0,32.23,22.561,40,0
111.0,32.23,22.561,40,0
112.0,32.552299999999995,22.238699999999998,40,0
113.0,32.552299999999995,22.561,40,0
114.0,32.552299999999995,22.561,40,0
115.0,32.8746,22.561,40,0
116.0,32.8746,22.561,40,0
117.0,32.8746,22.561,40,0
118.0,32.8746,22.561,40,0
119.0,33.1969,22.561,40,0
120.0,33.1969,22.561,40,0
121.0,33.1969,22.561,40,0
122.0,33.1969,22.561,40,0
123.0,33.5192,22.561,40,0
124.0,33.5192,22.561,40,0
125.0,33.5192,22.561,40,0
126.0,33.5192,22.8833,40,0
127.0,33.841499999999996,22.8833,40,0
128.0,33.841499999999996,22.8833,40,0
129.0,33.841499999999996,22.8833,40,0
130.0,34.163799999999995,22.8833,40,0
131.0,34.163799999999995,22.8833,40,0
132.0,34.163799999999995,22.8833,40,0
133.0,34.163799999999995,22.8833,40,0
134.0,34.163799999999995,22.8833,40,0
135.0,34.163799999999995,22.8833,40,0
136.0,34.4861,22.8833,40,0
137.0,34.4861,22.8833,40,0
138.0,34.4861,22.8833,40,0
139.0,34.8084,22.8833,40,0
140.0,34.8084,22.8833,40,0
141.0,34.8084,22.8833,40,0
142.0,34.8084,22.8833,40,0
143.0,35.1307,22.8833,40,0
144.0,35.1307,22.8833,40,0
145.0,35.1307,22.8833,40,0
146.0,35.1307,22.8833,40,0
147.0,35.1307,23.205599999999997,40,0
148.0,35.1307,22.8833,40,0
149.0,35.452999999999996,23.205599999999997,40,0
150.0,35.452999999999996,22.8833,40,0
151.0,35.452999999999996,23.205599999999997,40,0
152.0,35.452999999999996,23.205599999999997,40,0
153.0,35.775299999999994,23.205599999999997,40,0
154.0,35.775299999999994,23.205599999999997,40,0
155.0,35.775299999999994,23.205599999999997,40,0
156.0,35.775299999999994,23.205599999999997,40,0
157.0,35.775299999999994,23.205599999999997,40,0
158.0,36.0976,23.205599999999997,40,0
159.0,36.0976,23.205599999999997,40,0
160.0,36.0976,23.205599999999997,40,0
161.0,36.0976,23.205599999999997,40,0
162.0,36.0976,23.205599999999997,40,0
163.0,36.0976,23.205599999999997,40,0
164.0,36.4199,23.205599999999997,40,0
165.0,36.4199,23.205599999999997,40,0
166.0,36.4199,23.205599999999997,40,0
167.0,36.4199,23.205599999999997,40,0
168.0,36.7422,23.205599999999997,40,0
169.0,36.7422,23.205599999999997,40,0
170.0,36.7422,23.205599999999997,40,0
171.0,36.7422,23.205599999999997,40,0
172.0,36.7422,23.205599999999997,40,0
173.0,36.7422,23.5279,40,0
174.0,37.064499999999995,23.5279,40,0
175.0,36.7422,23.205599999999997,40,0
176.0,37.064499999999995,23.205599999999997,40,0
177.0,37.064499999999995,23.205599999999997,40,0
178.0,37.064499999999995,23.205599999999997,40,0
179.0,37.064499999999995,23.5279,40,0
180.0,37.386799999999994,23.5279,40,0
181.0,37.386799999999994,23.205599999999997,40,0
182.0,37.386799999999994,23.5279,40,0
183.0,37.386799999999994,23.5279,40,0
184.0,37.386799999999994,23.5279,40,0
185.0,37.386799999999994,23.5279,40,0
186.0,37.386799999999994,23.5279,40,0
187.0,37.7091,23.5279,40,0
188.0,37.7091,23.5279,40,0
189.0,37.7091,23.5279,40,0
190.0,37.7091,23.5279,40,0
191.0,37.7091,23.5279,40,0
192.0,37.7091,23.5279,40,0
193.0,38.0314,23.5279,40,0
194.0,38.0314,23.5279,40,0
195.0,38.0314,23.5279,40,0
196.0,38.0314,23.5279,40,0
197.0,38.0314,23.5279,40,0
198.0,38.0314,23.5279,40,0
199.0,38.0314,23.5279,40,0
200.0,38.353699999999996,23.5279,40,0
201.0,38.353699999999996,23.5279,40,0
202.0,38.353699999999996,23.5279,40,0
203.0,38.353699999999996,23.5279,40,0
204.0,38.353699999999996,23.5279,40,0
205.0,38.675999999999995,23.5279,40,0
206.0,38.353699999999996,23.5279,40,0
207.0,38.675999999999995,23.850199999999997,40,0
208.0,38.675999999999995,23.850199999999997,40,0
209.0,38.675999999999995,23.850199999999997,40,0
210.0,38.675999999999995,23.850199999999997,40,0
211.0,38.675999999999995,23.5279,40,0
212.0,38.675999999999995,23.5279,40,0
213.0,38.675999999999995,23.5279,40,0
214.0,38.9983,23.850199999999997,40,0
215.0,38.9983,23.850199999999997,40,0
216.0,38.9983,23.850199999999997,40,0
217.0,38.9983,23.850199999999997,40,0
218.0,38.9983,23.850199999999997,40,0
219.0,38.9983,23.850199999999997,40,0
220.0,38.9983,23.850199999999997,40,0
221.0,39.3206,23.850199999999997,40,0
222.0,39.3206,23.850199999999997,40,0
223.0,39.3206,23.850199999999997,40,0
224.0,39.3206,23.850199999999997,40,0
225.0,39.3206,23.850199999999997,40,0
226.0,39.3206,23.850199999999997,40,0
227.0,39.3206,23.850199999999997,40,0
228.0,39.3206,23.850199999999997,40,0
229.0,39.3206,23.850199999999997,40,0
230.0,39.6429,23.850199999999997,40,0
231.0,39.6429,23.850199999999997,40,0
232.0,39.6429,23.850199999999997,40,0
233.0,39.6429,23.850199999999997,40,0
234.0,39.6429,23.850199999999997,40,0
235.0,39.6429,23.850199999999997,40,0
236.0,39.6429,23.850199999999997,40,0
237.0,39.965199999999996,23.850199999999997,40,0
238.0,39.965199999999996,23.850199999999997,40,0
239.0,39.965199999999996,23.850199999999997,40,0
240.0,39.965199999999996,23.850199999999997,40,0
241.0,39.965199999999996,23.850199999999997,40,0
242.0,39.965199999999996,23.850199999999997,40,0
243.0,39.965199999999996,23.850199999999997,40,0
244.0,39.965199999999996,23.850199999999997,40,0
245.0,39.965199999999996,23.850199999999997,40,0
246.0,39.965199999999996,23.850199999999997,40,0
247.0,40.287499999999994,23.850199999999997,40,0
248.0,39.965199999999996,23.850199999999997,40,0
249.0,40.287499999999994,23.850199999999997,40,0
250.0,40.287499999999994,23.850199999999997,40,0
251.0,40.287499999999994,23.850199999999997,40,0
252.0,40.287499999999994,23.850199999999997,40,0
253.0,40.287499999999994,24.1725,40,0
254.0,40.287499999999994,23.850199999999997,40,0
255.0,40.287499999999994,23.850199999999997,40,0
256.0,40.287499999999994,23.850199999999997,40,0
257.0,40.287499999999994,24.1725,40,0
258.0,40.287499999999994,23.850199999999997,40,0
259.0,40.6098,23.850199999999997,40,0
260.0,40.6098,23.850199999999997,40,0
261.0,40.6098,24.1725,40,0
262.0,40.6098,24.1725,40,0
263.0,40.6098,23.850199999999997,40,0
264.0,40.6098,24.1725,40,0
265.0,40.6098,24.1725,40,0
266.0,40.6098,24.1725,40,0
267.0,40.6098,24.1725,40,0
268.0,40.9321,24.1725,40,0
269.0,40.9321,24.1725,40,0
270.0,40.9321,24.1725,40,0
271.0,40.9321,24.1725,40,0
272.0,40.9321,24.1725,40,0
273.0,40.9321,24.1725,40,0
274.0,40.9321,24.1725,40,0
275.0,40.9321,24.1725,40,0
276.0,40.9321,24.1725,40,0
277.0,40.9321,23.850199999999997,40,0
278.0,40.9321,24.1725,40,0
279.0,40.9321,24.1725,40,0
280.0,41.2544,24.1725,40,0
281.0,41.2544,24.1725,40,0
282.0,41.2544,24.1725,40,0
283.0,41.2544,24.1725,40,0
284.0,41.2544,24.1725,40,0
285.0,41.2544,24.1725,40,0
286.0,41.2544,24.1725,40,0
287.0,41.2544,24.1725,40,0
288.0,41.2544,24.1725,40,0
289.0,41.2544,24.1725,40,0
290.0,41.2544,24.1725,40,0
291.0,41.2544,24.1725,40,0
292.0,41.576699999999995,24.1725,40,0
293.0,41.2544,24.1725,40,0
294.0,41.576699999999995,24.1725,40,0
295.0,41.576699999999995,24.1725,40,0
296.0,41.576699999999995,24.1725,40,0
297.0,41.576699999999995,24.1725,40,0
298.0,41.576699999999995,24.1725,40,0
299.0,41.576699999999995,24.1725,40,0
300.0,41.576699999999995,24.1725,40,0
301.0,41.576699999999995,24.1725,40,0
302.0,41.576699999999995,24.1725,40,0
303.0,41.576699999999995,24.1725,40,0
304.0,41.576699999999995,24.1725,40,0
305.0,41.576699999999995,24.1725,40,0
306.0,41.898999999999994,24.1725,40,0
307.0,41.898999999999994,24.1725,40,0
308.0,41.898999999999994,24.1725,40,0
309.0,41.898999999999994,24.1725,40,0
310.0,41.898999999999994,24.1725,40,0
311.0,41.898999999999994,24.1725,40,0
312.0,41.898999999999994,24.1725,40,0
313.0,41.898999999999994,24.1725,40,0
314.0,41.898999999999994,24.494799999999998,40,0
315.0,41.898999999999994,24.1725,40,0
316.0,41.898999999999994,24.1725,40,0
317.0,41.898999999999994,24.1725,40,0
318.0,41.898999999999994,24.1725,40,0
319.0,41.898999999999994,24.1725,40,0
320.0,41.898999999999994,24.1725,40,0
321.0,41.898999999999994,24.494799999999998,40,0
322.0,41.898999999999994,24.494799999999998,40,0
323.0,42.2213,24.1725,40,0
324.0,42.2213,24.1725,40,0
325.0,42.2213,24.494799999999998,40,0
326.0,42.2213,24.1725,40,0
327.0,42.2213,24.494799999999998,40,0
328.0,42.2213,24.1725,40,0
329.0,42.2213,24.494799999999998,40,0
330.0,42.2213,24.1725,40,0
331.0,42.2213,24.494799999999998,40,0
332.0,42.2213,24.1725,40,0
333.0,42.2213,24.1725,40,0
334.0,42.2213,24.1725,40,0
335.0,42.5436,24.494799999999998,40,0
336.0,42.2213,24.1725,40,0
337.0,42.2213,24.494799999999998,40,0
338.0,42.2213,24.494799999999998,40,0
339.0,42.5436,24.494799999999998,40,0
340.0,42.2213,24.494799999999998,40,0
341.0,42.5436,24.494799999999998,40,0
342.0,42.5436,24.494799999999998,40,0
343.0,42.5436,24.1725,40,0
344.0,42.5436,24.494799999999998,40,0
345.0,42.5436,24.494799999999998,40,0
346.0,42.5436,24.494799999999998,40,0
347.0,42.5436,24.494799999999998,40,0
348.0,42.5436,24.494799999999998,40,0
349.0,42.5436,24.494799999999998,40,0
350.0,42.5436,24.494799999999998,40,0
351.0,42.5436,24.494799999999998,40,0
352.0,42.5436,24.494799999999998,40,0
353.0,42.5436,24.494799999999998,40,0
354.0,42.5436,24.494799999999998,40,0
355.0,42.5436,24.494799999999998,40,0
356.0,42.5436,24.494799999999998,40,0
357.0,42.5436,24.494799999999998,40,0
358.0,42.5436,24.494799999999998,40,0
359.0,42.865899999999996,24.494799999999998,40,0
360.0,42.865899999999996,24.494799999999998,40,0
361.0,42.865899999999996,24.494799999999998,40,0
362.0,42.865899999999996,24.494799999999998,40,0
363.0,42.865899999999996,24.494799999999998,40,0
364.0,42.865899999999996,24.494799999999998,40,0
365.0,42.865899999999996,24.494799999999998,40,0
366.0,42.865899999999996,24.494799999999998,40,0
367.0,42.865899999999996,24.494799999999998,40,0
368.0,42.865899999999996,24.494799999999998,40,0
369.0,42.865899999999996,24.494799999999998,40,0
370.0,42.865899999999996,24.494799999999998,40,0
371.0,42.865899999999996,24.494799999999998,40,0
372.0,42.865899999999996,24.494799999999998,40,0
373.0,42.865899999999996,24.494799999999998,40,0
374.0,42.865899999999996,24.494799999999998,40,0
375.0,42.865899999999996,24.494799999999998,40,0
376.0,42.865899999999996,24.494799999999998,40,0
377.0,42.865899999999996,24.494799999999998,40,0
378.0,42.865899999999996,24.494799999999998,40,0
379.0,42.865899999999996,24.494799999999998,40,0
380.0,42.865899999999996,24.494799999999998,40,0
381.0,43.188199999999995,24.494799999999998,40,0
382.0,43.188199999999995,24.494799999999998,40,0
383.0,42.865899999999996,24.494799999999998,40,0
384.0,43.188199999999995,24.494799999999998,40,0
385.0,43.188199999999995,24.494799999999998,40,0
386.0,42.865899999999996,24.494799999999998,40,0
387.0,43.188199999999995,24.494799999999998,40,0
388.0,43.188199999999995,24.494799999999998,40,0
389.0,43.188199999999995,24.494799999999998,40,0
390.0,43.188199999999995,24.494799999999998,40,0
391.0,43.188199999999995,24.494799999999998,40,0
392.0,43.188199999999995,24.494799999999998,40,0
393.0,43.188199999999995,24.494799999999998,40,0
394.0,43.188199999999995,24.494799999999998,40,0
395.0,43.188199999999995,24.494799999999998,40,0
396.0,43.188199999999995,24.494799999999998,40,0
397.0,43.188199999999995,24.494799999999998,40,0
398.0,43.188199999999995,24.494799999999998,40,0
399.0,43.188199999999995,24.494799999999998,40,0
400.0,43.188199999999995,24.494799999999998,40,0
401.0,43.188199999999995,24.494799999999998,40,0
402.0,43.188199999999995,24.494799999999998,40,0
403.0,43.188199999999995,24.494799999999998,40,0
404.0,43.188199999999995,24.494799999999998,40,0
405.0,43.188199999999995,24.494799999999998,40,0
406.0,43.188199999999995,24.494799999999998,40,0
407.0,43.51049999999999,24.494799999999998,40,0
408.0,43.51049999999999,24.494799999999998,40,0
409.0,43.188199999999995,24.494799999999998,40,0
410.0,43.51049999999999,24.494799999999998,40,0
411.0,43.51049999999999,24.494799999999998,40,0
412.0,43.188199999999995,24.494799999999998,40,0
413.0,43.51049999999999,24.494799999999998,40,0
414.0,43.188199999999995,24.494799999999998,40,0
415.0,43.51049999999999,24.494799999999998,40,0
416.0,43.51049999999999,24.494799999999998,40,0
417.0,43.51049999999999,24.494799999999998,40,0
418.0,43.51049999999999,24.494799999999998,40,0
419.0,43.51049999999999,24.494799999999998,40,0
420.0,43.51049999999999,24.494799999999998,40,0
421.0,43.51049999999999,24.494799999999998,40,0
422.0,43.51049999999999,24.494799999999998,40,0
423.0,43.51049999999999,24.817099999999996,40,0
424.0,43.51049999999999,24.817099999999996,40,0
425.0,43.51049999999999,24.494799999999998,40,0
426.0,43.51049999999999,24.494799999999998,40,0
427.0,43.51049999999999,24.817099999999996,40,0
428.0,43.51049999999999,24.494799999999998,40,0
429.0,43.51049999999999,24.494799999999998,40,0
430.0,43.51049999999999,24.494799999999998,40,0
431.0,43.51049999999999,24.494799999999998,40,0
432.0,43.51049999999999,24.817099999999996,40,0
433.0,43.51049999999999,24.817099999999996,40,0
434.0,43.51049999999999,24.494799999999998,40,0
435.0,43.51049999999999,24.494799999999998,40,0
436.0,43.51049999999999,24.817099999999996,40,0
437.0,43.51049999999999,24.494799999999998,40,0
438.0,43.51049999999999,24.494799999999998,40,0
439.0,43.51049999999999,24.494799999999998,40,0
440.0,43.51049999999999,24.494799999999998,40,0
441.0,43.51049999999999,24.494799999999998,40,0
442.0,43.51049999999999,24.494799999999998,40,0
443.0,43.51049999999999,24.494799999999998,40,0
444.0,43.51049999999999,24.494799999999998,40,0
445.0,43.8328,24.494799999999998,40,0
446.0,43.51049999999999,24.494799999999998,40,0
447.0,43.8328,24.494799999999998,40,0
448.0,43.8328,24.494799999999998,40,0
449.0,43.51049999999999,24.494799999999998,40,0
450.0,43.51049999999999,24.494799999999998,40,0
451.0,43.8328,24.494799999999998,40,0
452.0,43.8328,24.817099999999996,40,0
453.0,43.8328,24.494799999999998,40,0
454.0,43.8328,24.494799999999998,40,0
455.0,43.8328,24.494799999999998,40,0
456.0,43.8328,24.494799999999998,40,0
457.0,43.8328,24.817099999999996,40,0
458.0,43.8328,24.494799999999998,40,0
459.0,43.8328,24.817099999999996,40,0
460.0,43.8328,24.817099999999996,40,0
461.0,43.8328,24.494799999999998,40,0
462.0,43.8328,24.817099999999996,40,0
463.0,43.8328,24.494799999999998,40,0
464.0,43.8328,24.494799999999998,40,0
465.0,43.8328,24.817099999999996,40,0
466.0,43.8328,24.817099999999996,40,0
467.0,43.8328,24.494799999999998,40,0
468.0,43.8328,24.817099999999996,40,0
469.0,43.8328,24.494799999999998,40,0
470.0,43.8328,24.817099999999996,40,0
471.0,43.8328,24.494799999999998,40,0
472.0,43.8328,24.817099999999996,40,0
473.0,43.8328,24.817099999999996,40,0
474.0,43.8328,24.817099999999996,40,0
475.0,43.8328,24.817099999999996,40,0
476.0,43.8328,24.817099999999996,40,0
477.0,43.8328,24.817099999999996,40,0
479.0,43.8328,24.817099999999996,40,0
480.0,43.8328,24.817099999999996,40,0
481.0,43.8328,24.817099999999996,40,0
482.0,43.8328,24.817099999999996,40,0
483.0,43.8328,24.494799999999998,40,0
484.0,43.8328,24.817099999999996,40,0
485.0,43.8328,24.494799999999998,40,0
486.0,43.8328,24.817099999999996,40,0
487.0,43.8328,24.494799999999998,40,0
488.0,43.8328,24.494799999999998,40,0
489.0,44.1551,24.817099999999996,40,0
490.0,43.8328,24.494799999999998,40,0
491.0,43.8328,24.817099999999996,40,0
492.0,43.8328,24.817099999999996,40,0
493.0,43.8328,24.817099999999996,40,0
494.0,43.8328,24.817099999999996,40,0
495.0,44.1551,24.494799999999998,40,0
496.0,43.8328,24.817099999999996,40,0
497.0,44.1551,24.817099999999996,40,0
498.0,44.1551,24.817099999999996,40,0
499.0,44.1551,24.494799999999998,40,0
500.0,44.1551,24.817099999999996,40,0
501.0,43.8328,24.494799999999998,40,0
502.0,44.1551,24.817099999999996,40,0
503.0,44.1551,24.494799999999998,40,0
504.0,44.1551,24.817099999999996,40,0
505.0,44.1551,24.817099999999996,40,0
506.0,44.1551,24.817099999999996,40,0
507.0,44.1551,24.817099999999996,40,0
508.0,44.1551,24.817099999999996,40,0
509.0,44.1551,24.817099999999996,40,0
510.0,44.1551,24.494799999999998,40,0
511.0,44.1551,24.817099999999996,40,0
512.0,44.1551,24.494799999999998,40,0
513.0,44.1551,24.817099999999996,40,0
514.0,44.1551,24.817099999999996,40,0
515.0,44.1551,24.817099999999996,40,0
516.0,44.1551,24.494799999999998,40,0
517.0,44.1551,24.494799999999998,40,0
518.0,44.1551,24.817099999999996,40,0
519.0,44.1551,24.817099999999996,40,0
520.0,44.1551,24.817099999999996,40,0
521.0,44.1551,24.817099999999996,40,0
522.0,44.1551,24.817099999999996,40,0
523.0,44.1551,24.817099999999996,40,0
524.0,44.1551,24.494799999999998,40,0
525.0,44.1551,24.817099999999996,40,0
526.0,44.1551,24.494799999999998,40,0
527.0,44.1551,24.817099999999996,40,0
528.0,44.1551,24.817099999999996,40,0
529.0,44.1551,24.817099999999996,40,0
530.0,44.1551,24.817099999999996,40,0
531.0,44.1551,24.817099999999996,40,0
532.0,44.1551,24.494799999999998,40,0
533.0,44.1551,24.817099999999996,40,0
534.0,44.1551,24.817099999999996,40,0
535.0,44.1551,24.817099999999996,40,0
536.0,44.1551,24.817099999999996,40,0
537.0,44.1551,24.817099999999996,40,0
538.0,44.1551,24.817099999999996,40,0
539.0,44.1551,24.817099999999996,40,0
540.0,44.1551,24.817099999999996,40,0
541.0,44.1551,24.817099999999996,40,0
542.0,44.1551,24.817099999999996,40,0
543.0,44.1551,24.494799999999998,40,0
544.0,44.1551,24.817099999999996,40,0
545.0,44.1551,24.817099999999996,40,0
546.0,44.1551,24.817099999999996,40,0
547.0,44.1551,24.817099999999996,40,0
548.0,44.1551,24.817099999999996,40,0
549.0,44.1551,24.817099999999996,40,0
550.0,44.477399999999996,24.817099999999996,40,0
551.0,44.477399999999996,24.817099999999996,40,0
552.0,44.1551,24.817099999999996,40,0
553.0,44.477399999999996,24.817099999999996,40,0
554.0,44.1551,24.817099999999996,40,0
555.0,44.1551,24.817099999999996,40,0
556.0,44.1551,24.817099999999996,40,0
557.0,44.1551,24.817099999999996,40,0
558.0,44.1551,24.817099999999996,40,0
559.0,44.477399999999996,24.817099999999996,40,0
560.0,44.477399999999996,24.817099999999996,40,0
561.0,44.477399999999996,24.817099999999996,40,0
562.0,44.1551,24.817099999999996,40,0
563.0,44.477399999999996,24.817099999999996,40,0
564.0,44.1551,24.817099999999996,40,0
565.0,44.1551,24.817099999999996,40,0
566.0,44.1551,24.817099999999996,40,0
567.0,44.1551,24.817099999999996,40,0
568.0,44.1551,24.817099999999996,40,0
569.0,44.477399999999996,24.817099999999996,40,0
570.0,44.477399999999996,24.817099999999996,40,0
571.0,44.477399999999996,24.817099999999996,40,0
572.0,44.477399999999996,24.817099999999996,40,0
573.0,44.477399999999996,24.817099999999996,40,0
574.0,44.477399999999996,24.817099999999996,40,0
575.0,44.477399999999996,24.817099999999996,40,0
576.0,44.477399999999996,24.817099999999996,40,0
577.0,44.477399999999996,24.817099999999996,40,0
578.0,44.477399999999996,24.817099999999996,40,0
579.0,44.477399999999996,24.817099999999996,40,0
580.0,44.477399999999996,24.817099999999996,40,0
581.0,44.477399999999996,24.817099999999996,40,0
582.0,44.477399999999996,24.817099999999996,40,0
583.0,44.477399999999996,24.817099999999996,40,0
584.0,44.477399999999996,24.817099999999996,40,0
585.0,44.477399999999996,24.817099999999996,40,0
586.0,44.477399999999996,24.817099999999996,40,0
587.0,44.477399999999996,24.817099999999996,40,0
588.0,44.477399999999996,24.817099999999996,40,0
589.0,44.477399999999996,24.817099999999996,40,0
590.0,44.477399999999996,24.817099999999996,40,0
591.0,44.477399999999996,24.817099999999996,40,0
592.0,44.477399999999996,24.817099999999996,40,0
593.0,44.477399999999996,24.817099999999996,40,0
594.0,44.477399999999996,24.817099999999996,40,0
595.0,44.477399999999996,24.817099999999996,40,0
596.0,44.477399999999996,24.817099999999996,40,0
597.0,44.477399999999996,24.817099999999996,40,0
598.0,44.477399999999996,24.817099999999996,40,0
599.0,44.477399999999996,24.817099999999996,40,0
600.0,44.477399999999996,24.817099999999996,40,0
601.0,44.477399999999996,24.817099999999996,40,0
602.0,44.477399999999996,24.817099999999996,40,0
603.0,44.477399999999996,24.817099999999996,40,0
604.0,44.477399999999996,24.817099999999996,40,0
605.0,44.477399999999996,24.817099999999996,40,0
606.0,44.477399999999996,24.817099999999996,40,0
607.0,44.477399999999996,24.817099999999996,40,0
608.0,44.477399999999996,24.817099999999996,40,0
609.0,44.477399999999996,24.817099999999996,40,0
610.0,44.477399999999996,24.817099999999996,40,0
611.0,44.477399999999996,24.817099999999996,40,0
612.0,44.477399999999996,24.817099999999996,40,0
613.0,44.477399999999996,24.817099999999996,40,0
614.0,44.477399999999996,24.817099999999996,40,0
615.0,44.477399999999996,24.817099999999996,40,0
616.0,44.477399999999996,24.817099999999996,40,0
617.0,44.477399999999996,24.817099999999996,40,0
618.0,44.477399999999996,24.817099999999996,40,0
619.0,44.477399999999996,24.817099999999996,40,0
620.0,44.477399999999996,24.817099999999996,40,0
621.0,44.477399999999996,24.817099999999996,40,0
622.0,44.477399999999996,24.817099999999996,40,0
623.0,44.477399999999996,24.817099999999996,40,0
624.0,44.477399999999996,24.817099999999996,40,0
625.0,44.477399999999996,24.817099999999996,40,0
626.0,44.477399999999996,24.817099999999996,40,0
627.0,44.477399999999996,24.817099999999996,40,0
628.0,44.477399999999996,24.817099999999996,40,0
629.0,44.477399999999996,24.817099999999996,40,0
630.0,44.477399999999996,24.817099999999996,40,0
631.0,44.477399999999996,24.817099999999996,40,0
632.0,44.477399999999996,24.817099999999996,40,0
633.0,44.477399999999996,24.817099999999996,40,0
634.0,44.477399999999996,24.817099999999996,40,0
635.0,44.477399999999996,24.817099999999996,40,0
636.0,44.477399999999996,24.817099999999996,40,0
637.0,44.477399999999996,24.817099999999996,40,0
638.0,44.477399999999996,24.817099999999996,40,0
639.0,44.477399999999996,24.817099999999996,40,0
640.0,44.477399999999996,24.817099999999996,40,0
641.0,44.477399999999996,24.817099999999996,40,0
642.0,44.477399999999996,24.817099999999996,40,0
643.0,44.477399999999996,24.817099999999996,40,0
644.0,44.477399999999996,24.817099999999996,40,0
645.0,44.477399999999996,24.817099999999996,40,0
646.0,44.477399999999996,24.817099999999996,40,0
647.0,44.477399999999996,24.817099999999996,40,0
648.0,44.477399999999996,24.817099999999996,40,0
649.0,44.477399999999996,24.817099999999996,40,0
650.0,44.477399999999996,24.817099999999996,40,0
651.0,44.477399999999996,24.817099999999996,40,0
652.0,44.477399999999996,24.817099999999996,40,0
653.0,44.477399999999996,24.817099999999996,40,0
654.0,44.477399999999996,24.817099999999996,40,0
655.0,44.477399999999996,24.817099999999996,40,0
656.0,44.477399999999996,24.817099999999996,40,0
657.0,44.477399999999996,24.817099999999996,40,0
658.0,44.477399999999996,24.817099999999996,40,0
659.0,44.477399999999996,24.817099999999996,40,0
660.0,44.477399999999996,24.494799999999998,40,0
661.0,44.799699999999994,24.817099999999996,40,0
662.0,44.477399999999996,24.817099999999996,40,0
663.0,44.477399999999996,24.817099999999996,40,0
664.0,44.477399999999996,24.817099999999996,40,0
665.0,44.477399999999996,24.817099999999996,40,0
666.0,44.477399999999996,24.817099999999996,40,0
667.0,44.477399999999996,24.817099999999996,40,0
668.0,44.477399999999996,24.817099999999996,40,0
669.0,44.477399999999996,24.817099999999996,40,0
670.0,44.477399999999996,24.817099999999996,40,0
671.0,44.477399999999996,24.817099999999996,40,0
672.0,44.477399999999996,24.817099999999996,40,0
673.0,44.477399999999996,24.817099999999996,40,0
674.0,44.477399999999996,24.817099999999996,40,0
675.0,44.477399999999996,24.817099999999996,40,0
676.0,44.477399999999996,24.817099999999996,40,0
677.0,44.477399999999996,24.817099999999996,40,0
678.0,44.799699999999994,24.817099999999996,40,0
679.0,44.477399999999996,24.817099999999996,40,0
680.0,44.477399999999996,24.817099999999996,40,0
681.0,44.477399999999996,24.817099999999996,40,0
682.0,44.477399999999996,24.817099999999996,40,0
683.0,44.477399999999996,24.817099999999996,40,0
684.0,44.799699999999994,24.817099999999996,40,0
685.0,44.477399999999996,24.817099999999996,40,0
686.0,44.477399999999996,24.817099999999996,40,0
687.0,44.799699999999994,24.817099999999996,40,0
688.0,44.477399999999996,24.817099999999996,40,0
689.0,44.477399999999996,24.817099999999996,40,0
690.0,44.799699999999994,24.817099999999996,40,0
691.0,44.477399999999996,24.817099999999996,40,0
692.0,44.477399999999996,24.817099999999996,40,0
693.0,44.477399999999996,24.817099999999996,40,0
694.0,44.799699999999994,24.817099999999996,40,0
695.0,44.477399999999996,24.817099999999996,40,0
696.0,44.477399999999996,24.817099999999996,40,0
697.0,44.477399999999996,24.817099999999996,40,0
698.0,44.799699999999994,24.817099999999996,40,0
699.0,44.477399999999996,24.817099999999996,40,0
700.0,44.477399999999996,24.817099999999996,40,0
