Time,T1,T2,Q1,Q2
0.0,20.949499999999997,20.949499999999997,55,0
1.0,20.949499999999997,20.949499999999997,55,0
2.0,20.949499999999997,20.949499999999997,55,0
3.0,20.949499999999997,20.949499999999997,55,0
4.0,20.949499999999997,20.949499999999997,55,0
5.0,20.949499999999997,20.949499999999997,55,0
6.0,21.2718,20.949499999999997,55,0
7.0,20.949499999999997,20.949499999999997,55,0
8.0,21.2718,20.949499999999997,55,0
9.0,21.2718,20.949499999999997,55,0
10.0,21.2718,20.949499999999997,55,0
11.0,21.594099999999997,20.949499999999997,55,0
12.0,21.594099999999997,20.949499999999997,55,0
13.0,21.594099999999997,20.949499999999997,55,0
14.0,21.9164,20.949499999999997,55,0
15.0,21.9164,20.949499999999997,55,0
16.0,21.9164,20.949499999999997,55,0
17.0,22.238699999999998,20.949499999999997,55,0
18.0,22.561,20.949499999999997,55,0
19.0,22.561,20.949499999999997,55,0
20.0,22.8833,20.949499999999997,55,0
21.0,22.8833,20.949499999999997,55,0
22.0,22.8833,20.949499999999997,55,0
23.0,23.205599999999997,20.949499999999997,55,0
24.0,23.205599999999997,20.949499999999997,55,0
25.0,23.5279,20.949499999999997,55,0
26.0,23.5279,20.949499999999997,55,0
27.0,23.850199999999997,20.949499999999997,55,0
28.0,23.850199999999997,20.949499999999997,55,0
29.0,24.1725,20.949499999999997,55,0
30.0,24.1725,21.2718,55,0
31.0,24.494799999999998,21.2718,55,0
32.0,24.494799999999998,21.2718,55,0
33.0,24.817099999999996,21.2718,55,0
34.0,24.817099999999996,21.2718,55,0
35.0,25.1394,21.2718,55,0
36.0,25.1394,21.2718,55,0
37.0,25.461699999999997,21.2718,55,0
38.0,25.784,21.2718,55,0
39.0,25.784,21.2718,55,0
40.0,26.106299999999997,21.2718,55,0
41.0,26.106299999999997,21.2718,55,0
42.0,26.4286,21.2718,55,0
43.0,26.4286,21.2718,55,0
44.0,26.750899999999998,21.2718,55,0
45.0,26.750899999999998,21.2718,55,0
46.0,27.073199999999996,21.594099999999997,55,0
47.0,27.073199999999996,21.594099999999997,55,0
48.0,27.3955,21.594099999999997,55,0
49.0,27.3955,21.594099999999997,55,0
50.0,27.717799999999997,21.594099999999997,55,0
51.0,27.717799999999997,21.594099999999997,55,0
52.0,28.0401,21.594099999999997,55,0
53.0,28.0401,21.594099999999997,55,0
54.0,28.362399999999997,21.594099999999997,55,0
55.0,28.6847,21.594099999999997,55,0
56.0,28.6847,21.594099999999997,55,0
57.0,29.006999999999998,21.9164,55,0
58.0,29.006999999999998,21.594099999999997,55,0
59.0,29.329299999999996,21.9164,55,0
60.0,29.329299999999996,21.9164,55,0
61.0,29.6516,21.9164,55,0
62.0,29.6516,21.9164,55,0
63.0,29.973899999999997,21.9164,55,0
64.0,30.2962,21.9164,55,0
65.0,30.2962,21.9164,55,0
66.0,30.2962,21.9164,55,0
67.0,30.618499999999997,21.9164,55,0
68.0,30.618499999999997,21.9164,55,0
69.0,30.940799999999996,21.9164,55,0
70.0,30.940799999999996,22.238699999999998,55,0
71.0,31.263099999999998,22.238699999999998,55,0
72.0,31.263099999999998,22.238699999999998,55,0
73.0,31.585399999999996,22.238699999999998,55,0
74.0,31.9077,22.238699999999998,55,0
75.0,31.9077,22.238699999999998,55,0
76.0,31.9077,22.238699999999998,55,0
77.0,32.23,22.238699999999998,55,0
78.0,32.23,22.238699999999998,55,0
79.0,32.552299999999995,22.238699999999998,55,0
80.0,32.552299999999995,22.238699999999998,55,0
81.0,32.8746,22.238699999999998,55,0
82.0,32.8746,22.561,55,0
83.0,32.8746,22.561,55,0
84.0,33.1969,22.561,55,0
85.0,33.1969,22.561,55,0
86.0,33.5192,22.561,55,0
87.0,33.5192,22.561,55,0
88.0,33.5192,22.561,55,0
89.0,33.841499999999996,22.561,55,0
90.0,33.841499999999996,22.561,55,0
91.0,34.163799999999995,22.561,55,0
92.0,34.163799999999995,22.561,55,0
93.0,34.4861,22.8833,55,0
94.0,34.4861,22.561,55,0
95.0,34.8084,22.8833,55,0
96.0,34.8084,22.8833,55,0
97.0,34.8084,22.8833,55,0
98.0,35.1307,22.8833,55,0
99.0,35.1307,22.8833,55,0
100.0,35.452999999999996,22.8833,55,0
101.0,35.452999999999996,22.8833,55,0
102.0,35.775299999999994,22.8833,55,0
103.0,35.775299999999994,22.8833,55,0
104.0,35.775299999999994,22.8833,55,0
105.0,36.0976,22.8833,55,0
106.0,36.0976,22.8833,55,0
108.0,36.4199,23.205599999999997,55,0
109.0,36.4199,22.8833,55,0
110.0,36.7422,23.205599999999997,55,0
111.0,36.7422,23.205599999999997,55,0
112.0,36.7422,23.205599999999997,55,0
113.0,37.064499999999995,23.205599999999997,55,0
114.0,37.386799999999994,23.205599999999997,55,0
115.0,37.386799999999994,23.205599999999997,55,0
116.0,37.386799999999994,23.205599999999997,55,0
117.0,37.386799999999994,23.205599999999997,55,0
118.0,37.7091,23.205599999999997,55,0
119.0,37.7091,23.205599999999997,55,0
120.0,37.7091,23.205599999999997,55,0
121.0,38.0314,23.5279,55,0
122.0,38.0314,23.5279,55,0
123.0,38.0314,23.5279,55,0
124.0,38.353699999999996,23.205599999999997,55,0
125.0,38.353699999999996,23.5279,55,0
126.0,38.353699999999996,23.5279,55,0
127.0,38.675999999999995,23.5279,55,0
128.0,38.675999999999995,23.5279,55,0
129.0,38.9983,23.5279,55,0
130.0,38.9983,23.5279,55,0
131.0,38.9983,23.5279,55,0
132.0,39.3206,23.5279,55,0
133.0,39.3206,23.5279,55,0
134.0,39.3206,23.5279,55,0
135.0,39.6429,23.5279,55,0
136.0,39.6429,23.5279,55,0
137.0,39.6429,23.5279,55,0
138.0,39.6429,23.850199999999997,55,0
139.0,39.6429,23.5279,55,0
140.0,39.965199999999996,23.850199999999997,55,0
141.0,39.965199999999996,23.850199999999997,55,0
142.0,40.287499999999994,23.850199999999997,55,0
143.0,40.287499999999994,23.850199999999997,55,0
144.0,40.287499999999994,23.850199999999997,55,0
145.0,40.6098,23.850199999999997,55,0
146.0,40.6098,23.850199999999997,55,0
147.0,40.6098,23.850199999999997,55,0
148.0,40.6098,23.850199999999997,55,0
149.0,40.9321,23.850199999999997,55,0
150.0,40.9321,23.850199999999997,55,0
151.0,40.9321,23.850199999999997,55,0
152.0,40.9321,23.850199999999997,55,0
153.0,41.2544,23.850199999999997,55,0
154.0,41.2544,23.850199999999997,55,0
155.0,41.2544,23.850199999999997,55,0
156.0,41.2544,23.850199999999997,55,0
157.0,41.576699999999995,23.850199999999997,55,0
158.0,41.576699999999995,24.1725,55,0
159.0,41.576699999999995,24.1725,55,0
160.0,41.898999999999994,24.1725,55,0
161.0,41.898999999999994,24.1725,55,0
162.0,41.898999999999994,24.1725,55,0
163.0,42.2213,24.1725,55,0
164.0,42.2213,24.1725,55,0
165.0,42.2213,24.1725,55,0
166.0,42.2213,24.1725,55,0
167.0,42.5436,24.1725,55,0
168.0,42.5436,24.1725,55,0
169.0,42.5436,24.1725,55,0
170.0,42.5436,24.1725,55,0
171.0,42.5436,24.1725,55,0
172.0,42.865899999999996,24.1725,55,0
173.0,42.865899999999996,24.1725,55,0
174.0,42.865899999999996,24.1725,55,0
175.0,42.865899999999996,24.1725,55,0
176.0,43.188199999999995,24.1725,55,0
177.0,43.188199999999995,24.494799999999998,55,0
178.0,43.188199999999995,24.1725,55,0
179.0,43.188199999999995,24.1725,55,0
180.0,43.51049999999999,24.1725,55,0
181.0,43.51049999999999,24.494799999999998,55,0
182.0,43.51049999999999,24.494799999999998,55,0
183.0,43.51049999999999,24.494799999999998,55,0
184.0,43.8328,24.494799999999998,55,0
185.0,43.8328,24.494799999999998,55,0
186.0,43.8328,24.494799999999998,55,0
187.0,43.8328,24.494799999999998,55,0
188.0,43.8328,24.494799999999998,55,0
189.0,44.1551,24.494799999999998,55,0
190.0,44.1551,24.494799999999998,55,0
191.0,44.1551,24.494799999999998,55,0
192.0,44.1551,24.494799999999998,55,0
193.0,44.1551,24.494799999999998,55,0
194.0,44.477399999999996,24.494799999999998,55,0
195.0,44.477399999999996,24.494799999999998,55,0
196.0,44.477399999999996,24.494799999999998,55,0
197.0,44.477399999999996,24.494799999999998,55,0
198.0,44.799699999999994,24.494799999999998,55,0
199.0,44.799699999999994,24.494799999999998,55,0
200.0,44.799699999999994,24.494799999999998,55,0
201.0,44.799699999999994,24.494799999999998,55,0
202.0,44.799699999999994,24.817099999999996,55,0
204.0,45.122,24.817099999999996,55,0
205.0,45.122,24.817099999999996,55,0
206.0,45.122,24.494799999999998,55,0
207.0,45.122,24.817099999999996,55,0
208.0,45.122,24.817099999999996,55,0
209.0,45.4443,24.817099999999996,55,0
210.0,45.4443,24.817099999999996,55,0
211.0,45.4443,24.817099999999996,55,0
212.0,45.4443,24.817099999999996,55,0
213.0,45.7666,24.817099999999996,55,0
214.0,45.7666,24.817099999999996,55,0
215.0,45.7666,24.817099999999996,55,0
216.0,45.7666,24.817099999999996,55,0
217.0,45.7666,24.817099999999996,55,0
218.0,45.7666,24.817099999999996,55,0
219.0,45.7666,24.817099999999996,55,0
220.0,46.088899999999995,24.817099999999996,55,0
221.0,46.088899999999995,24.817099999999996,55,0
222.0,46.088899999999995,24.817099999999996,55,0
223.0,46.088899999999995,24.817099999999996,55,0
224.0,46.088899999999995,24.817099999999996,55,0
225.0,46.411199999999994,24.817099999999996,55,0
226.0,46.411199999999994,25.1394,55,0
227.0,46.411199999999994,24.817099999999996,55,0
228.0,46.411199999999994,24.817099999999996,55,0
229.0,46.411199999999994,24.817099999999996,55,0
230.0,46.411199999999994,24.817099999999996,55,0
231.0,46.7335,25.1394,55,0
232.0,46.411199999999994,24.817099999999996,55,0
233.0,46.7335,24.817099999999996,55,0
234.0,46.7335,25.1394,55,0
235.0,46.7335,25.1394,55,0
236.0,46.7335,25.1394,55,0
237.0,46.7335,25.1394,55,0
238.0,47.0558,24.817099999999996,55,0
239.0,47.0558,25.1394,55,0
240.0,47.0558,25.1394,55,0
241.0,47.0558,24.817099999999996,55,0
242.0,47.0558,25.1394,55,0
243.0,47.0558,25.1394,55,0
244.0,47.378099999999996,25.1394,55,0
245.0,47.0558,25.1394,55,0
246.0,47.378099999999996,25.1394,55,0
247.0,47.378099999999996,25.1394,55,0
248.0,47.378099999999996,25.1394,55,0
249.0,47.378099999999996,25.1394,55,0
250.0,47.378099999999996,25.1394,55,0
251.0,47.378099999999996,25.1394,55,0
252.0,47.700399999999995,25.1394,55,0
253.0,47.700399999999995,25.1394,55,0
254.0,47.700399999999995,25.1394,55,0
255.0,47.700399999999995,25.1394,55,0
256.0,47.700399999999995,25.1394,55,0
257.0,48.02269999999999,25.1394,55,0
258.0,48.02269999999999,25.1394,55,0
259.0,47.700399999999995,25.1394,55,0
260.0,48.02269999999999,25.1394,55,0
261.0,48.02269999999999,25.1394,55,0
262.0,48.02269999999999,25.1394,55,0
263.0,48.02269999999999,25.1394,55,0
264.0,48.02269999999999,25.1394,55,0
265.0,48.02269999999999,25.1394,55,0
266.0,48.345,25.1394,55,0
267.0,48.02269999999999,25.1394,55,0
268.0,48.345,25.461699999999997,55,0
269.0,48.345,25.1394,55,0
270.0,48.345,25.1394,55,0
271.0,48.345,25.1394,55,0
272.0,48.345,25.1394,55,0
273.0,48.345,25.461699999999997,55,0
274.0,48.6673,25.461699999999997,55,0
275.0,48.6673,25.1394,55,0
276.0,48.6673,25.461699999999997,55,0
277.0,48.6673,25.461699999999997,55,0
278.0,48.6673,25.461699999999997,55,0
279.0,48.6673,25.461699999999997,55,0
280.0,48.6673,25.1394,55,0
281.0,48.6673,25.461699999999997,55,0
282.0,48.989599999999996,25.461699999999997,55,0
283.0,48.6673,25.461699999999997,55,0
284.0,48.989599999999996,25.461699999999997,55,0
285.0,48.989599999999996,25.461699999999997,55,0
286.0,48.989599999999996,25.461699999999997,55,0
287.0,48.989599999999996,25.461699999999997,55,0
288.0,48.989599999999996,25.461699999999997,55,0
289.0,48.989599999999996,25.461699999999997,55,0
290.0,48.989599999999996,25.461699999999997,55,0
291.0,48.989599999999996,25.461699999999997,55,0
292.0,48.989599999999996,25.461699999999997,55,0
293.0,49.311899999999994,25.461699999999997,55,0
294.0,49.311899999999994,25.461699999999997,55,0
295.0,49.311899999999994,25.461699999999997,55,0
296.0,49.311899999999994,25.461699999999997,55,0
297.0,49.311899999999994,25.461699999999997,55,0
298.0,49.311899999999994,25.461699999999997,55,0
299.0,49.311899999999994,25.461699999999997,55,0
300.0,49.311899999999994,25.461699999999997,55,0
301.0,49.311899999999994,25.461699999999997,55,0
302.0,49.311899999999994,25.461699999999997,55,0
303.0,49.311899999999994,25.461699999999997,55,0
304.0,49.63419999999999,25.461699999999997,55,0
305.0,49.63419999999999,25.461699999999997,55,0
306.0,49.63419999999999,25.461699999999997,55,0
307.0,49.63419999999999,25.461699999999997,55,0
308.0,49.63419999999999,25.461699999999997,55,0
309.0,49.63419999999999,25.461699999999997,55,0
310.0,49.63419999999999,25.461699999999997,55,0
311.0,49.63419999999999,25.461699999999997,55,0
312.0,49.63419999999999,25.461699999999997,55,0
313.0,49.63419999999999,25.784,55,0
314.0,49.63419999999999,25.461699999999997,55,0
315.0,49.9565,25.784,55,0
316.0,49.9565,25.461699999999997,55,0
317.0,49.9565,25.461699999999997,55,0
318.0,49.9565,25.461699999999997,55,0
319.0,49.9565,25.784,55,0
320.0,49.9565,25.461699999999997,55,0
321.0,49.9565,25.461699999999997,55,0
322.0,49.9565,25.461699999999997,55,0
323.0,49.9565,25.784,55,0
324.0,50.2788,25.461699999999997,55,0
325.0,49.9565,25.461699999999997,55,0
326.0,49.9565,25.461699999999997,55,0
327.0,50.2788,25.461699999999997,55,0
328.0,49.9565,25.784,55,0
329.0,50.2788,25.784,55,0
330.0,50.2788,25.784,55,0
332.0,50.2788,25.784,55,0
333.0,50.2788,25.784,55,0
334.0,50.2788,25.784,55,0
335.0,50.2788,25.784,55,0
336.0,50.2788,25.784,55,0
337.0,50.2788,25.784,55,0
338.0,50.601099999999995,25.784,55,0
339.0,50.601099999999995,25.784,55,0
340.0,50.601099999999995,25.784,55,0
341.0,50.601099999999995,25.784,55,0
342.0,50.601099999999995,25.784,55,0
343.0,50.601099999999995,25.784,55,0
344.0,50.601099999999995,25.784,55,0
345.0,50.601099999999995,25.784,55,0
346.0,50.601099999999995,25.784,55,0
347.0,50.601099999999995,25.784,55,0
348.0,50.601099999999995,25.784,55,0
349.0,50.601099999999995,25.784,55,0
350.0,50.601099999999995,25.784,55,0
351.0,50.601099999999995,25.784,55,0
352.0,50.601099999999995,25.784,55,0
353.0,50.923399999999994,25.784,55,0
354.0,50.923399999999994,25.784,55,0
355.0,50.923399999999994,25.784,55,0
356.0,50.923399999999994,25.784,55,0
357.0,50.923399999999994,25.784,55,0
358.0,50.923399999999994,25.784,55,0
359.0,50.923399999999994,25.784,55,0
360.0,50.923399999999994,25.784,55,0
361.0,50.923399999999994,25.784,55,0
362.0,50.923399999999994,25.784,55,0
363.0,50.923399999999994,25.784,55,0
364.0,50.923399999999994,25.784,55,0
365.0,50.923399999999994,25.784,55,0
366.0,50.923399999999994,25.784,55,0
367.0,50.923399999999994,25.784,55,0
368.0,50.923399999999994,25.784,55,0
369.0,51.2457,25.784,55,0
370.0,50.923399999999994,25.784,55,0
371.0,51.2457,25.784,55,0
372.0,51.2457,25.784,55,0
373.0,51.2457,25.784,55,0
374.0,51.2457,25.784,55,0
375.0,51.2457,25.784,55,0
376.0,51.2457,25.784,55,0
377.0,51.2457,25.784,55,0
378.0,51.2457,25.784,55,0
379.0,51.2457,25.784,55,0
380.0,51.2457,25.784,55,0
381.0,51.2457,25.784,55,0
382.0,51.2457,25.784,55,0
383.0,51.568,25.784,55,0
384.0,51.2457,25.784,55,0
385.0,51.568,26.106299999999997,55,0
386.0,51.2457,25.784,55,0
387.0,51.568,25.784,55,0
388.0,51.568,26.106299999999997,55,0
389.0,51.568,25.784,55,0
390.0,51.568,25.784,55,0
391.0,51.568,25.784,55,0
392.0,51.568,25.784,55,0
393.0,51.568,25.784,55,0
394.0,51.568,25.784,55,0
395.0,51.568,25.784,55,0
396.0,51.568,25.784,55,0
397.0,51.568,25.784,55,0
398.0,51.568,25.784,55,0
399.0,51.568,25.784,55,0
400.0,51.568,25.784,55,0
401.0,51.568,25.784,55,0
402.0,51.568,26.106299999999997,55,0
403.0,51.568,25.784,55,0
404.0,51.568,25.784,55,0
405.0,51.890299999999996,26.106299999999997,55,0
406.0,51.890299999999996,25.784,55,0
407.0,51.890299999999996,26.106299999999997,55,0
408.0,51.890299999999996,26.106299999999997,55,0
409.0,51.890299999999996,25.784,55,0
410.0,51.890299999999996,25.784,55,0
411.0,51.890299999999996,26.106299999999997,55,0
412.0,51.890299999999996,26.106299999999997,55,0
413.0,51.890299999999996,26.106299999999997,55,0
414.0,51.890299999999996,26.106299999999997,55,0
415.0,51.890299999999996,26.106299999999997,55,0
416.0,51.890299999999996,26.106299999999997,55,0
417.0,51.890299999999996,26.106299999999997,55,0
418.0,51.890299999999996,26.106299999999997,55,0
419.0,51.890299999999996,26.106299999999997,55,0
420.0,51.890299999999996,26.106299999999997,55,0
421.0,51.890299999999996,26.106299999999997,55,0
422.0,51.890299999999996,26.106299999999997,55,0
423.0,51.890299999999996,25.784,55,0
424.0,51.890299999999996,26.106299999999997,55,0
425.0,52.212599999999995,26.106299999999997,55,0
426.0,51.890299999999996,26.106299999999997,55,0
427.0,52.212599999999995,26.106299999999997,55,0
428.0,51.890299999999996,26.106299999999997,55,0
429.0,51.890299999999996,26.106299999999997,55,0
430.0,52.212599999999995,26.106299999999997,55,0
431.0,51.890299999999996,26.106299999999997,55,0
432.0,52.212599999999995,26.106299999999997,55,0
433.0,52.212599999999995,26.106299999999997,55,0
434.0,52.212599999999995,26.106299999999997,55,0
435.0,52.212599999999995,26.106299999999997,55,0
436.0,52.212599999999995,26.106299999999997,55,0
437.0,52.212599999999995,26.106299999999997,55,0
438.0,52.212599999999995,26.106299999999997,55,0
439.0,52.212599999999995,26.106299999999997,55,0
440.0,52.212599999999995,26.106299999999997,55,0
441.0,52.212599999999995,26.106299999999997,55,0
442.0,52.212599999999995,26.106299999999997,55,0
443.0,52.212599999999995,26.106299999999997,55,0
444.0,52.212599999999995,26.106299999999997,55,0
445.0,52.212599999999995,26.106299999999997,55,0
446.0,52.212599999999995,26.106299999999997,55,0
447.0,52.212599999999995,26.106299999999997,55,0
448.0,52.212599999999995,26.106299999999997,55,0
449.0,52.53489999999999,25.784,55,0
450.0,52.212599999999995,26.106299999999997,55,0
451.0,52.212599999999995,26.106299999999997,55,0
452.0,52.212599999999995,26.106299999999997,55,0
453.0,52.212599999999995,26.106299999999997,55,0
454.0,52.53489999999999,26.106299999999997,55,0
455.0,52.212599999999995,26.106299999999997,55,0
456.0,52.53489999999999,26.106299999999997,55,0
457.0,52.53489999999999,26.106299999999997,55,0
458.0,52.212599999999995,26.106299999999997,55,0
459.0,52.53489999999999,26.106299999999997,55,0
460.0,52.53489999999999,26.106299999999997,55,0
461.0,52.53489999999999,26.106299999999997,55,0
462.0,52.53489999999999,26.106299999999997,55,0
463.0,52.53489999999999,26.106299999999997,55,0
464.0,52.53489999999999,26.106299999999997,55,0
465.0,52.53489999999999,26.106299999999997,55,0
466.0,52.53489999999999,26.106299999999997,55,0
467.0,52.53489999999999,26.106299999999997,55,0
468.0,52.53489999999999,26.106299999999997,55,0
469.0,52.53489999999999,26.106299999999997,55,0
470.0,52.53489999999999,26.106299999999997,55,0
471.0,52.53489999999999,26.106299999999997,55,0
472.0,52.53489999999999,26.106299999999997,55,0
473.0,52.53489999999999,26.106299999999997,55,0
474.0,52.53489999999999,26.106299999999997,55,0
476.0,52.53489999999999,26.106299999999997,55,0
477.0,52.53489999999999,26.106299999999997,55,0
478.0,52.53489999999999,26.106299999999997,55,0
479.0,52.53489999999999,26.106299999999997,55,0
480.0,52.53489999999999,26.106299999999997,55,0
481.0,52.53489999999999,26.106299999999997,55,0
482.0,52.53489999999999,26.106299999999997,55,0
483.0,52.53489999999999,26.106299999999997,55,0
484.0,52.53489999999999,26.106299999999997,55,0
485.0,52.53489999999999,26.106299999999997,55,0
486.0,52.53489999999999,26.106299999999997,55,0
487.0,52.8572,26.106299999999997,55,0
488.0,52.53489999999999,26.106299999999997,55,0
489.0,52.53489999999999,26.106299999999997,55,0
490.0,52.53489999999999,26.106299999999997,55,0
491.0,52.53489999999999,26.106299999999997,55,0
492.0,52.53489999999999,26.106299999999997,55,0
493.0,52.8572,26.106299999999997,55,0
494.0,52.53489999999999,26.106299999999997,55,0
495.0,52.8572,26.106299999999997,55,0
496.0,52.53489999999999,26.106299999999997,55,0
497.0,52.8572,26.106299999999997,55,0
498.0,52.53489999999999,26.106299999999997,55,0
499.0,52.8572,26.106299999999997,55,0
500.0,52.53489999999999,26.106299999999997,55,0
501.0,52.8572,26.106299999999997,55,0
502.0,52.8572,26.106299999999997,55,0
503.0,52.8572,26.106299999999997,55,0
504.0,52.8572,26.106299999999997,55,0
505.0,52.8572,26.106299999999997,55,0
506.0,52.8572,26.106299999999997,55,0
507.0,52.8572,26.106299999999997,55,0
508.0,52.8572,26.106299999999997,55,0
509.0,52.8572,26.106299999999997,55,0
510.0,52.8572,26.106299999999997,55,0
511.0,52.8572,26.106299999999997,55,0
512.0,52.8572,26.106299999999997,55,0
513.0,52.8572,26.106299999999997,55,0
514.0,52.8572,26.106299999999997,55,0
515.0,52.8572,26.106299999999997,55,0
516.0,52.8572,26.106299999999997,55,0
517.0,52.8572,26.106299999999997,55,0
518.0,52.8572,26.106299999999997,55,0
519.0,52.8572,26.106299999999997,55,0
520.0,52.8572,26.106299999999997,55,0
521.0,52.8572,26.106299999999997,55,0
522.0,52.8572,26.106299999999997,55,0
523.0,52.8572,26.106299999999997,55,0
524.0,52.8572,26.106299999999997,55,0
525.0,52.8572,26.106299999999997,55,0
526.0,52.8572,26.106299999999997,55,0
527.0,52.8572,26.106299999999997,55,0
528.0,53.1795,26.106299999999997,55,0
529.0,52.8572,26.106299999999997,55,0
530.0,52.8572,26.106299999999997,55,0
531.0,53.1795,26.106299999999997,55,0
532.0,52.8572,26.106299999999997,55,0
533.0,52.8572,26.106299999999997,55,0
534.0,52.8572,26.106299999999997,55,0
535.0,52.8572,26.106299999999997,55,0
536.0,52.8572,26.106299999999997,55,0
537.0,52.8572,26.106299999999997,55,0
538.0,53.1795,26.106299999999997,55,0
539.0,52.8572,26.106299999999997,55,0
540.0,52.8572,26.106299999999997,55,0
541.0,53.1795,26.106299999999997,55,0
542.0,53.1795,26.106299999999997,55,0
543.0,52.8572,26.106299999999997,55,0
544.0,53.1795,26.106299999999997,55,0
545.0,53.1795,26.106299999999997,55,0
546.0,52.8572,26.106299999999997,55,0
547.0,53.1795,26.106299999999997,55,0
548.0,53.1795,26.106299999999997,55,0
549.0,53.1795,26.106299999999997,55,0
550.0,53.1795,26.4286,55,0
551.0,52.8572,26.106299999999997,55,0
552.0,53.1795,26.106299999999997,55,0
553.0,53.1795,26.106299999999997,55,0
554.0,53.1795,26.106299999999997,55,0
555.0,53.1795,26.106299999999997,55,0
556.0,53.1795,26.106299999999997,55,0
557.0,53.1795,26.106299999999997,55,0
558.0,53.1795,26.106299999999997,55,0
559.0,53.1795,26.106299999999997,55,0
560.0,53.1795,26.106299999999997,55,0
561.0,53.1795,26.106299999999997,55,0
562.0,53.1795,26.106299999999997,55,0
563.0,53.1795,26.106299999999997,55,0
564.0,53.1795,26.106299999999997,55,0
565.0,53.1795,26.106299999999997,55,0
566.0,53.1795,26.106299999999997,55,0
568.0,53.1795,26.106299999999997,55,0
569.0,53.1795,26.106299999999997,55,0
570.0,53.1795,26.4286,55,0
571.0,53.1795,26.106299999999997,55,0
572.0,53.1795,26.106299999999997,55,0
573.0,53.1795,26.4286,55,0
574.0,53.1795,26.106299999999997,55,0
575.0,53.1795,26.106299999999997,55,0
576.0,53.1795,26.106299999999997,55,0
577.0,53.1795,26.106299999999997,55,0
578.0,53.1795,26.4286,55,0
579.0,53.1795,26.4286,55,0
580.0,53.1795,26.106299999999997,55,0
581.0,53.1795,26.106299999999997,55,0
582.0,53.1795,26.106299999999997,55,0
583.0,53.1795,26.106299999999997,55,0
584.0,53.1795,26.4286,55,0
585.0,53.1795,26.106299999999997,55,0
586.0,53.1795,26.106299999999997,55,0
587.0,53.1795,26.106299999999997,55,0
588.0,53.1795,26.106299999999997,55,0
589.0,53.1795,26.106299999999997,55,0
590.0,53.1795,26.106299999999997,55,0
591.0,53.1795,26.106299999999997,55,0
592.0,53.1795,26.106299999999997,55,0
593.0,53.501799999999996,26.106299999999997,55,0
594.0,53.1795,26.106299999999997,55,0
595.0,53.1795,26.106299999999997,55,0
596.0,53.1795,26.4286,55,0
597.0,53.1795,26.106299999999997,55,0
598.0,53.1795,26.106299999999997,55,0
599.0,53.1795,26.106299999999997,55,0
600.0,53.1795,26.106299999999997,55,0
601.0,53.1795,26.106299999999997,55,0
602.0,53.1795,26.4286,55,0
603.0,53.1795,26.106299999999997,55,0
604.0,53.1795,26.106299999999997,55,0
605.0,53.1795,26.106299999999997,55,0
606.0,53.501799999999996,26.4286,55,0
607.0,53.1795,26.106299999999997,55,0
608.0,53.501799999999996,26.106299999999997,55,0
609.0,53.1795,26.106299999999997,55,0
610.0,53.501799999999996,26.106299999999997,55,0
611.0,53.1795,26.4286,55,0
612.0,53.1795,26.106299999999997,55,0
613.0,53.501799999999996,26.106299999999997,55,0
615.0,53.1795,26.106299999999997,55,0
616.0,53.501799999999996,26.4286,55,0
617.0,53.501799999999996,26.106299999999997,55,0
618.0,53.1795,26.4286,55,0
619.0,53.1795,26.4286,55,0
620.0,53.1795,26.106299999999997,55,0
621.0,53.1795,26.106299999999997,55,0
622.0,53.1795,26.4286,55,0
623.0,53.1795,26.106299999999997,55,0
624.0,53.501799999999996,26.4286,55,0
625.0,53.501799999999996,26.106299999999997,55,0
626.0,53.501799999999996,26.106299999999997,55,0
627.0,53.501799999999996,26.106299999999997,55,0
628.0,53.501799999999996,26.106299999999997,55,0
629.0,53.501799999999996,26.4286,55,0
630.0,53.501799999999996,26.106299999999997,55,0
631.0,53.501799999999996,26.106299999999997,55,0
632.0,53.1795,26.4286,55,0
633.0,53.501799999999996,26.106299999999997,55,0
634.0,53.501799999999996,26.4286,55,0
635.0,53.501799999999996,26.4286,55,0
636.0,53.501799999999996,26.106299999999997,55,0
637.0,53.501799999999996,26.4286,55,0
638.0,53.501799999999996,26.106299999999997,55,0
639.0,53.501799999999996,26.4286,55,0
640.0,53.501799999999996,26.106299999999997,55,0
641.0,53.501799999999996,26.4286,55,0
642.0,53.501799999999996,26.4286,55,0
643.0,53.501799999999996,26.4286,55,0
644.0,53.501799999999996,26.106299999999997,55,0
645.0,53.501799999999996,26.106299999999997,55,0
646.0,53.501799999999996,26.4286,55,0
647.0,53.501799999999996,26.4286,55,0
648.0,53.501799999999996,26.106299999999997,55,0
649.0,53.501799999999996,26.4286,55,0
650.0,53.501799999999996,26.4286,55,0
651.0,53.501799999999996,26.106299999999997,55,0
652.0,53.501799999999996,26.4286,55,0
653.0,53.501799999999996,26.4286,55,0
654.0,53.501799999999996,26.106299999999997,55,0
655.0,53.501799999999996,26.106299999999997,55,0
656.0,53.501799999999996,26.106299999999997,55,0
657.0,53.501799999999996,26.106299999999997,55,0
658.0,53.501799999999996,26.4286,55,0
659.0,53.501799999999996,26.4286,55,0
660.0,53.501799999999996,26.106299999999997,55,0
661.0,53.501799999999996,26.106299999999997,55,0
662.0,53.501799999999996,26.106299999999997,55,0
663.0,53.501799999999996,26.106299999999997,55,0
664.0,53.501799999999996,26.4286,55,0
665.0,53.501799999999996,26.4286,55,0
666.0,53.501799999999996,26.106299999999997,55,0
667.0,53.501799999999996,26.4286,55,0
668.0,53.501799999999996,26.106299999999997,55,0
669.0,53.501799999999996,26.106299999999997,55,0
670.0,53.501799999999996,26.4286,55,0
671.0,53.501799999999996,26.106299999999997,55,0
672.0,53.501799999999996,26.106299999999997,55,0
673.0,53.501799999999996,26.4286,55,0
674.0,53.501799999999996,26.4286,55,0
675.0,53.501799999999996,26.106299999999997,55,0
676.0,53.501799999999996,26.4286,55,0
677.0,53.501799999999996,26.4286,55,0
678.0,53.501799999999996,26.106299999999997,55,0
679.0,53.501799999999996,26.4286,55,0
680.0,53.501799999999996,26.4286,55,0
681.0,53.501799999999996,26.106299999999997,55,0
682.0,53.501799999999996,26.4286,55,0
683.0,53.501799999999996,26.106299999999997,55,0
684.0,53.501799999999996,26.4286,55,0
685.0,53.501799999999996,26.106299999999997,55,0
686.0,53.501799999999996,26.4286,55,0
687.0,53.501799999999996,26.4286,55,0
688.0,53.501799999999996,26.106299999999997,55,0
689.0,53.501799999999996,26.106299999999997,55,0
690.0,53.501799999999996,26.106299999999997,55,0
691.0,53.501799999999996,26.106299999999997,55,0
692.0,53.501799999999996,26.4286,55,0
693.0,53.501799999999996,26.4286,55,0
694.0,53.501799999999996,26.106299999999997,55,0
695.0,53.501799999999996,26.106299999999997,55,0
696.0,53.501799999999996,26.4286,55,0
697.0,53.501799999999996,26.4286,55,0
698.0,53.501799999999996,26.4286,55,0
699.0,53.824099999999994,26.106299999999997,55,0
700.0,53.501799999999996,26.4286,55,0
