Time,T1,T2,Q1,Q2
0.0,20.949499999999997,20.949499999999997,50,0
1.0,20.949499999999997,20.949499999999997,50,0
2.0,20.949499999999997,20.949499999999997,50,0
3.0,20.949499999999997,20.949499999999997,50,0
4.0,20.949499999999997,20.949499999999997,50,0
5.0,20.949499999999997,20.949499999999997,50,0
6.0,20.949499999999997,20.949499999999997,50,0
7.0,21.2718,20.949499999999997,50,0
8.0,20.949499999999997,20.949499999999997,50,0
9.0,21.2718,20.949499999999997,50,0
10.0,21.2718,20.949499999999997,50,0
11.0,21.594099999999997,20.949499999999997,50,0
12.0,21.594099999999997,20.949499999999997,50,0
13.0,21.594099999999997,20.949499999999997,50,0
14.0,21.9164,20.949499999999997,50,0
15.0,21.9164,20.949499999999997,50,0
16.0,21.9164,20.949499999999997,50,0
17.0,22.238699999999998,20.949499999999997,50,0
18.0,22.238699999999998,20.949499999999997,50,0
19.0,22.238699999999998,20.949499999999997,50,0
20.0,22.561,20.949499999999997,50,0
21.0,22.561,20.949499999999997,50,0
22.0,22.561,20.949499999999997,50,0
23.0,22.8833,20.949499999999997,50,0
24.0,23.205599999999997,20.949499999999997,50,0
25.0,23.205599999999997,20.949499999999997,50,0
26.0,23.205599999999997,20.949499999999997,50,0
27.0,23.5279,20.949499999999997,50,0
28.0,23.5279,20.949499999999997,50,0
29.0,23.5279,20.949499999999997,50,0
30.0,23.850199999999997,20.949499999999997,50,0
31.0,24.1725,20.949499999999997,50,0
32.0,24.494799999999998,20.949499999999997,50,0
33.0,24.494799999999998,20.949499999999997,50,0
34.0,24.494799999999998,21.2718,50,0
35.0,24.817099999999996,21.2718,50,0
36.0,24.817099999999996,21.2718,50,0
37.0,25.1394,21.2718,50,0
38.0,25.1394,21.2718,50,0
39.0,25.461699999999997,21.2718,50,0
40.0,25.461699999999997,21.2718,50,0
41.0,25.784,21.2718,50,0
42.0,25.784,21.2718,50,0
43.0,26.106299999999997,21.2718,50,0
44.0,26.106299999999997,21.2718,50,0
45.0,26.4286,21.2718,50,0
46.0,26.4286,21.594099999999997,50,0
47.0,26.4286,21.2718,50,0
48.0,26.750899999999998,21.2718,50,0
49.0,27.073199999999996,21.2718,50,0
50.0,27.073199999999996,21.594099999999997,50,0
51.0,27.3955,21.594099999999997,50,0
52.0,27.3955,21.594099999999997,50,0
53.0,27.717799999999997,21.594099999999997,50,0
54.0,27.717799999999997,21.594099999999997,50,0
55.0,27.717799999999997,21.594099999999997,50,0
56.0,28.0401,21.594099999999997,50,0
57.0,28.0401,21.594099999999997,50,0
58.0,28.362399999999997,21.594099999999997,50,0
59.0,28.362399999999997,21.594099999999997,50,0
60.0,28.6847,21.594099999999997,50,0
61.0,28.6847,21.9164,50,0
62.0,29.006999999999998,21.9164,50,0
63.0,29.006999999999998,21.9164,50,0
64.0,29.329299999999996,21.9164,50,0
65.0,29.329299999999996,21.9164,50,0
66.0,29.6516,21.9164,50,0
67.0,29.6516,21.9164,50,0
68.0,29.6516,21.9164,50,0
69.0,29.973899999999997,21.9164,50,0
70.0,29.973899999999997,21.9164,50,0
71.0,30.2962,21.9164,50,0
72.0,30.2962,21.9164,50,0
73.0,30.618499999999997,21.9164,50,0
74.0,30.618499999999997,22.238699999999998,50,0
75.0,30.618499999999997,21.9164,50,0
76.0,30.940799999999996,22.238699999999998,50,0
77.0,31.263099999999998,22.238699999999998,50,0
78.0,31.263099999999998,22.238699999999998,50,0
79.0,31.263099999999998,22.238699999999998,50,0
80.0,31.585399999999996,22.238699999999998,50,0
81.0,31.585399999999996,22.238699999999998,50,0
82.0,31.9077,22.238699999999998,50,0
83.0,31.9077,22.238699999999998,50,0
84.0,31.9077,22.238699999999998,50,0
85.0,32.23,22.238699999999998,50,0
86.0,32.23,22.561,50,0
87.0,32.552299999999995,22.238699999999998,50,0
88.0,32.552299999999995,22.561,50,0
89.0,32.552299999999995,22.561,50,0
90.0,32.8746,22.561,50,0
91.0,32.8746,22.561,50,0
92.0,32.8746,22.561,50,0
93.0,33.1969,22.561,50,0
94.0,33.1969,22.561,50,0
95.0,33.5192,22.561,50,0
96.0,33.5192,22.561,50,0
97.0,33.5192,22.561,50,0
98.0,33.841499999999996,22.561,50,0
99.0,33.841499999999996,22.561,50,0
100.0,34.163799999999995,22.561,50,0
101.0,34.163799999999995,22.8833,50,0
102.0,34.163799999999995,22.561,50,0
103.0,34.4861,22.8833,50,0
104.0,34.4861,22.561,50,0
105.0,34.4861,22.8833,50,0
106.0,34.8084,22.8833,50,0
107.0,34.8084,22.8833,50,0
108.0,34.8084,22.8833,50,0
109.0,35.1307,22.8833,50,0
110.0,35.1307,22.8833,50,0
111.0,35.452999999999996,22.8833,50,0
112.0,35.452999999999996,22.8833,50,0
113.0,35.452999999999996,23.205599999999997,50,0
114.0,35.452999999999996,22.8833,50,0
115.0,35.775299999999994,22.8833,50,0
116.0,35.775299999999994,22.8833,50,0
117.0,35.775299999999994,23.205599999999997,50,0
118.0,36.0976,22.8833,50,0
119.0,36.0976,23.205599999999997,50,0
120.0,36.4199,23.205599999999997,50,0
122.0,36.4199,23.205599999999997,50,0
123.0,36.7422,23.205599999999997,50,0
124.0,36.7422,23.205599999999997,50,0
125.0,36.7422,23.205599999999997,50,0
126.0,36.7422,23.205599999999997,50,0
127.0,37.064499999999995,23.205599999999997,50,0
128.0,37.064499999999995,23.205599999999997,50,0
129.0,37.064499999999995,23.205599999999997,50,0
130.0,37.386799999999994,23.205599999999997,50,0
131.0,37.386799999999994,23.205599999999997,50,0
132.0,37.386799999999994,23.205599999999997,50,0
133.0,37.7091,23.205599999999997,50,0
134.0,37.7091,23.205599999999997,50,0
135.0,37.7091,23.5279,50,0
136.0,37.7091,23.5279,50,0
137.0,38.0314,23.5279,50,0
138.0,38.0314,23.5279,50,0
139.0,38.0314,23.5279,50,0
140.0,38.353699999999996,23.5279,50,0
141.0,38.353699999999996,23.5279,50,0
142.0,38.353699999999996,23.5279,50,0
143.0,38.353699999999996,23.5279,50,0
144.0,38.675999999999995,23.5279,50,0
145.0,38.675999999999995,23.5279,50,0
146.0,38.675999999999995,23.5279,50,0
147.0,38.675999999999995,23.5279,50,0
148.0,38.9983,23.5279,50,0
149.0,38.9983,23.5279,50,0
150.0,38.9983,23.5279,50,0
151.0,38.9983,23.850199999999997,50,0
152.0,39.3206,23.5279,50,0
153.0,39.3206,23.5279,50,0
154.0,39.3206,23.5279,50,0
155.0,39.6429,23.5279,50,0
156.0,39.6429,23.850199999999997,50,0
157.0,39.6429,23.850199999999997,50,0
158.0,39.6429,23.850199999999997,50,0
159.0,39.965199999999996,23.850199999999997,50,0
160.0,39.965199999999996,23.850199999999997,50,0
161.0,39.965199999999996,23.850199999999997,50,0
162.0,39.965199999999996,23.850199999999997,50,0
163.0,39.965199999999996,23.850199999999997,50,0
164.0,40.287499999999994,23.850199999999997,50,0
165.0,40.287499999999994,23.850199999999997,50,0
166.0,40.287499999999994,23.850199999999997,50,0
167.0,40.6098,23.850199999999997,50,0
168.0,40.6098,23.850199999999997,50,0
169.0,40.6098,23.850199999999997,50,0
170.0,40.6098,23.850199999999997,50,0
171.0,40.6098,23.850199999999997,50,0
172.0,40.6098,23.850199999999997,50,0
173.0,40.9321,23.850199999999997,50,0
174.0,40.9321,23.850199999999997,50,0
175.0,40.9321,23.850199999999997,50,0
176.0,40.9321,23.850199999999997,50,0
177.0,40.9321,24.1725,50,0
178.0,41.2544,24.1725,50,0
179.0,41.2544,24.1725,50,0
180.0,41.2544,23.850199999999997,50,0
181.0,41.2544,24.1725,50,0
182.0,41.576699999999995,24.1725,50,0
183.0,41.576699999999995,24.1725,50,0
184.0,41.576699999999995,24.1725,50,0
185.0,41.576699999999995,24.1725,50,0
186.0,41.576699999999995,24.1725,50,0
187.0,41.898999999999994,24.1725,50,0
188.0,41.898999999999994,24.1725,50,0
189.0,41.898999999999994,24.1725,50,0
190.0,41.898999999999994,24.1725,50,0
191.0,41.898999999999994,24.1725,50,0
192.0,42.2213,24.1725,50,0
193.0,42.2213,24.1725,50,0
194.0,42.2213,24.494799999999998,50,0
195.0,42.2213,24.1725,50,0
196.0,42.5436,24.1725,50,0
197.0,42.5436,24.1725,50,0
198.0,42.5436,24.1725,50,0
199.0,42.5436,24.1725,50,0
200.0,42.5436,24.1725,50,0
201.0,42.865899999999996,24.1725,50,0
202.0,42.865899999999996,24.1725,50,0
203.0,42.865899999999996,24.1725,50,0
204.0,42.865899999999996,24.494799999999998,50,0
205.0,42.865899999999996,24.1725,50,0
206.0,42.865899999999996,24.494799999999998,50,0
207.0,42.865899999999996,24.494799999999998,50,0
208.0,43.188199999999995,24.494799999999998,50,0
209.0,43.188199999999995,24.494799999999998,50,0
210.0,43.188199999999995,24.494799999999998,50,0
211.0,43.188199999999995,24.494799999999998,50,0
212.0,43.188199999999995,24.494799999999998,50,0
213.0,43.51049999999999,24.494799999999998,50,0
214.0,43.51049999999999,24.494799999999998,50,0
215.0,43.51049999999999,24.494799999999998,50,0
216.0,43.51049999999999,24.494799999999998,50,0
217.0,43.51049999999999,24.494799999999998,50,0
218.0,43.51049999999999,24.494799999999998,50,0
219.0,43.8328,24.494799999999998,50,0
220.0,43.51049999999999,24.494799999999998,50,0
221.0,43.8328,24.494799999999998,50,0
222.0,43.51049999999999,24.494799999999998,50,0
223.0,43.8328,24.494799999999998,50,0
224.0,43.8328,24.494799999999998,50,0
225.0,43.8328,24.494799999999998,50,0
226.0,44.1551,24.494799999999998,50,0
227.0,44.1551,24.494799999999998,50,0
228.0,44.1551,24.494799999999998,50,0
229.0,44.1551,24.494799999999998,50,0
230.0,44.1551,24.494799999999998,50,0
231.0,44.1551,24.494799999999998,50,0
232.0,44.477399999999996,24.494799999999998,50,0
233.0,44.1551,24.494799999999998,50,0
234.0,44.1551,24.494799999999998,50,0
235.0,44.477399999999996,24.494799999999998,50,0
236.0,44.477399999999996,24.817099999999996,50,0
237.0,44.477399999999996,24.494799999999998,50,0
238.0,44.477399999999996,24.494799999999998,50,0
239.0,44.477399999999996,24.494799999999998,50,0
240.0,44.477399999999996,24.494799999999998,50,0
241.0,44.799699999999994,24.494799999999998,50,0
242.0,44.799699999999994,24.817099999999996,50,0
243.0,44.799699999999994,24.817099999999996,50,0
244.0,44.799699999999994,24.817099999999996,50,0
245.0,44.799699999999994,24.494799999999998,50,0
246.0,44.799699999999994,24.817099999999996,50,0
247.0,45.122,24.817099999999996,50,0
248.0,45.122,24.817099999999996,50,0
249.0,45.122,24.817099999999996,50,0
250.0,45.122,24.817099999999996,50,0
251.0,45.122,24.817099999999996,50,0
252.0,45.122,24.817099999999996,50,0
253.0,45.122,24.817099999999996,50,0
254.0,45.122,24.817099999999996,50,0
255.0,45.4443,24.817099999999996,50,0
256.0,45.122,24.817099999999996,50,0
257.0,45.4443,24.817099999999996,50,0
258.0,45.4443,24.817099999999996,50,0
259.0,45.4443,24.817099999999996,50,0
260.0,45.4443,24.817099999999996,50,0
261.0,45.4443,24.817099999999996,50,0
262.0,45.4443,24.817099999999996,50,0
263.0,45.4443,24.817099999999996,50,0
264.0,45.4443,24.817099999999996,50,0
265.0,45.7666,24.817099999999996,50,0
266.0,45.7666,24.817099999999996,50,0
267.0,45.7666,24.817099999999996,50,0
268.0,45.7666,24.817099999999996,50,0
269.0,45.7666,24.817099999999996,50,0
270.0,45.7666,24.817099999999996,50,0
271.0,45.7666,24.817099999999996,50,0
272.0,45.7666,24.817099999999996,50,0
273.0,46.088899999999995,24.817099999999996,50,0
274.0,46.088899999999995,24.817099999999996,50,0
275.0,46.088899999999995,24.817099999999996,50,0
276.0,46.088899999999995,25.1394,50,0
277.0,46.088899999999995,24.817099999999996,50,0
278.0,46.088899999999995,24.817099999999996,50,0
279.0,46.088899999999995,25.1394,50,0
280.0,46.088899999999995,24.817099999999996,50,0
281.0,46.088899999999995,24.817099999999996,50,0
282.0,46.088899999999995,25.1394,50,0
283.0,46.088899999999995,24.817099999999996,50,0
285.0,46.411199999999994,24.817099999999996,50,0
286.0,46.411199999999994,24.817099999999996,50,0
287.0,46.411199999999994,25.1394,50,0
288.0,46.411199999999994,25.1394,50,0
289.0,46.411199999999994,24.817099999999996,50,0
291.0,46.411199999999994,25.1394,50,0
292.0,46.7335,25.1394,50,0
293.0,46.7335,24.817099999999996,50,0
294.0,46.7335,25.1394,50,0
295.0,46.7335,25.1394,50,0
296.0,46.411199999999994,25.1394,50,0
297.0,46.7335,24.817099999999996,50,0
298.0,46.7335,25.1394,50,0
299.0,46.7335,25.1394,50,0
300.0,46.7335,25.1394,50,0
301.0,46.7335,25.1394,50,0
302.0,46.7335,25.1394,50,0
303.0,46.7335,25.1394,50,0
304.0,47.0558,25.1394,50,0
305.0,47.0558,25.1394,50,0
306.0,47.0558,25.1394,50,0
307.0,47.0558,25.1394,50,0
308.0,47.0558,25.1394,50,0
309.0,47.0558,25.1394,50,0
310.0,47.0558,25.1394,50,0
311.0,47.0558,25.1394,50,0
312.0,47.0558,25.1394,50,0
313.0,47.0558,25.1394,50,0
314.0,47.378099999999996,25.1394,50,0
315.0,47.0558,25.1394,50,0
316.0,47.378099999999996,25.1394,50,0
317.0,47.0558,25.1394,50,0
318.0,47.378099999999996,25.1394,50,0
319.0,47.378099999999996,25.1394,50,0
320.0,47.378099999999996,25.1394,50,0
321.0,47.378099999999996,25.1394,50,0
322.0,47.378099999999996,25.1394,50,0
323.0,47.378099999999996,25.1394,50,0
324.0,47.378099999999996,25.1394,50,0
325.0,47.378099999999996,25.1394,50,0
326.0,47.378099999999996,25.1394,50,0
327.0,47.378099999999996,25.1394,50,0
328.0,47.700399999999995,25.1394,50,0
329.0,47.700399999999995,25.1394,50,0
330.0,47.700399999999995,25.1394,50,0
331.0,47.700399999999995,25.1394,50,0
332.0,47.700399999999995,25.1394,50,0
333.0,47.700399999999995,25.1394,50,0
334.0,47.700399999999995,25.1394,50,0
335.0,47.700399999999995,25.461699999999997,50,0
336.0,47.700399999999995,25.1394,50,0
337.0,47.700399999999995,25.1394,50,0
338.0,47.700399999999995,25.1394,50,0
339.0,47.700399999999995,25.1394,50,0
340.0,48.02269999999999,25.1394,50,0
341.0,47.700399999999995,25.1394,50,0
342.0,47.700399999999995,25.1394,50,0
343.0,47.700399999999995,25.1394,50,0
344.0,47.700399999999995,25.461699999999997,50,0
345.0,47.700399999999995,25.1394,50,0
346.0,48.02269999999999,25.1394,50,0
347.0,48.02269999999999,25.1394,50,0
348.0,48.02269999999999,25.461699999999997,50,0
349.0,48.02269999999999,25.1394,50,0
350.0,48.02269999999999,25.1394,50,0
351.0,48.02269999999999,25.1394,50,0
352.0,48.02269999999999,25.461699999999997,50,0
353.0,48.02269999999999,25.1394,50,0
354.0,48.02269999999999,25.461699999999997,50,0
355.0,48.02269999999999,25.1394,50,0
356.0,48.02269999999999,25.461699999999997,50,0
357.0,48.02269999999999,25.461699999999997,50,0
358.0,48.02269999999999,25.461699999999997,50,0
359.0,48.02269999999999,25.1394,50,0
360.0,48.345,25.461699999999997,50,0
361.0,48.02269999999999,25.461699999999997,50,0
362.0,48.345,25.461699999999997,50,0
363.0,48.345,25.461699999999997,50,0
364.0,48.345,25.461699999999997,50,0
365.0,48.345,25.461699999999997,50,0
366.0,48.345,25.461699999999997,50,0
367.0,48.345,25.461699999999997,50,0
368.0,48.345,25.1394,50,0
369.0,48.345,25.461699999999997,50,0
370.0,48.345,25.461699999999997,50,0
371.0,48.345,25.461699999999997,50,0
372.0,48.345,25.461699999999997,50,0
373.0,48.345,25.461699999999997,50,0
374.0,48.345,25.461699999999997,50,0
375.0,48.345,25.461699999999997,50,0
376.0,48.345,25.1394,50,0
377.0,48.345,25.461699999999997,50,0
378.0,48.6673,25.461699999999997,50,0
379.0,48.6673,25.461699999999997,50,0
380.0,48.6673,25.461699999999997,50,0
381.0,48.345,25.461699999999997,50,0
382.0,48.6673,25.461699999999997,50,0
383.0,48.6673,25.461699999999997,50,0
384.0,48.6673,25.461699999999997,50,0
385.0,48.6673,25.461699999999997,50,0
386.0,48.6673,25.461699999999997,50,0
387.0,48.6673,25.461699999999997,50,0
388.0,48.6673,25.461699999999997,50,0
389.0,48.6673,25.461699999999997,50,0
390.0,48.6673,25.461699999999997,50,0
391.0,48.6673,25.461699999999997,50,0
392.0,48.6673,25.461699999999997,50,0
393.0,48.6673,25.461699999999997,50,0
394.0,48.6673,25.461699999999997,50,0
395.0,48.989599999999996,25.461699999999997,50,0
396.0,48.6673,25.461699999999997,50,0
397.0,48.989599999999996,25.461699999999997,50,0
398.0,48.989599999999996,25.461699999999997,50,0
399.0,48.6673,25.461699999999997,50,0
400.0,48.6673,25.461699999999997,50,0
401.0,48.989599999999996,25.461699999999997,50,0
402.0,48.989599999999996,25.461699999999997,50,0
403.0,48.989599999999996,25.461699999999997,50,0
404.0,48.989599999999996,25.461699999999997,50,0
405.0,48.989599999999996,25.461699999999997,50,0
406.0,48.989599999999996,25.461699999999997,50,0
407.0,48.989599999999996,25.461699999999997,50,0
409.0,48.989599999999996,25.461699999999997,50,0
410.0,48.989599999999996,25.461699999999997,50,0
411.0,48.989599999999996,25.461699999999997,50,0
412.0,48.989599999999996,25.461699999999997,50,0
413.0,48.989599999999996,25.461699999999997,50,0
414.0,48.989599999999996,25.461699999999997,50,0
415.0,48.989599999999996,25.461699999999997,50,0
416.0,48.989599999999996,25.461699999999997,50,0
417.0,48.989599999999996,25.461699999999997,50,0
418.0,48.989599999999996,25.461699999999997,50,0
419.0,48.989599999999996,25.461699999999997,50,0
420.0,48.989599999999996,25.461699999999997,50,0
421.0,48.989599999999996,25.461699999999997,50,0
422.0,48.989599999999996,25.461699999999997,50,0
423.0,48.989599999999996,25.461699999999997,50,0
424.0,49.311899999999994,25.461699999999997,50,0
425.0,49.311899999999994,25.461699999999997,50,0
426.0,48.989599999999996,25.461699999999997,50,0
427.0,49.311899999999994,25.461699999999997,50,0
428.0,49.311899999999994,25.461699999999997,50,0
429.0,49.311899999999994,25.461699999999997,50,0
430.0,49.311899999999994,25.461699999999997,50,0
431.0,49.311899999999994,25.461699999999997,50,0
432.0,49.311899999999994,25.461699999999997,50,0
433.0,49.311899999999994,25.461699999999997,50,0
434.0,49.311899999999994,25.461699999999997,50,0
435.0,49.311899999999994,25.461699999999997,50,0
436.0,49.311899999999994,25.461699999999997,50,0
437.0,49.311899999999994,25.461699999999997,50,0
438.0,49.311899999999994,25.461699999999997,50,0
439.0,49.311899999999994,25.461699999999997,50,0
440.0,49.311899999999994,25.461699999999997,50,0
441.0,49.311899999999994,25.461699999999997,50,0
442.0,49.311899999999994,25.461699999999997,50,0
443.0,49.311899999999994,25.461699999999997,50,0
444.0,49.311899999999994,25.461699999999997,50,0
445.0,49.311899999999994,25.461699999999997,50,0
446.0,49.311899999999994,25.461699999999997,50,0
447.0,49.311899999999994,25.461699999999997,50,0
448.0,49.311899999999994,25.461699999999997,50,0
449.0,49.311899999999994,25.461699999999997,50,0
450.0,49.311899999999994,25.461699999999997,50,0
451.0,49.63419999999999,25.461699999999997,50,0
452.0,49.311899999999994,25.461699999999997,50,0
453.0,49.63419999999999,25.461699999999997,50,0
454.0,49.63419999999999,25.461699999999997,50,0
455.0,49.63419999999999,25.784,50,0
456.0,49.63419999999999,25.461699999999997,50,0
457.0,49.311899999999994,25.461699999999997,50,0
458.0,49.63419999999999,25.784,50,0
459.0,49.63419999999999,25.461699999999997,50,0
460.0,49.63419999999999,25.461699999999997,50,0
461.0,49.63419999999999,25.461699999999997,50,0
462.0,49.63419999999999,25.461699999999997,50,0
463.0,49.63419999999999,25.461699999999997,50,0
464.0,49.63419999999999,25.461699999999997,50,0
465.0,49.63419999999999,25.461699999999997,50,0
466.0,49.63419999999999,25.784,50,0
467.0,49.63419999999999,25.784,50,0
468.0,49.63419999999999,25.784,50,0
469.0,49.311899999999994,25.461699999999997,50,0
470.0,49.63419999999999,25.784,50,0
471.0,49.63419999999999,25.461699999999997,50,0
472.0,49.63419999999999,25.461699999999997,50,0
473.0,49.63419999999999,25.784,50,0
474.0,49.63419999999999,25.461699999999997,50,0
475.0,49.63419999999999,25.461699999999997,50,0
476.0,49.63419999999999,25.461699999999997,50,0
477.0,49.63419999999999,25.461699999999997,50,0
478.0,49.63419999999999,25.461699999999997,50,0
479.0,49.63419999999999,25.784,50,0
480.0,49.63419999999999,25.461699999999997,50,0
481.0,49.63419999999999,25.461699999999997,50,0
483.0,49.63419999999999,25.461699999999997,50,0
484.0,49.63419999999999,25.784,50,0
485.0,49.9565,25.784,50,0
486.0,49.63419999999999,25.784,50,0
487.0,49.9565,25.784,50,0
488.0,49.9565,25.784,50,0
489.0,49.63419999999999,25.784,50,0
490.0,49.63419999999999,25.784,50,0
491.0,49.63419999999999,25.784,50,0
492.0,49.9565,25.784,50,0
493.0,49.9565,25.461699999999997,50,0
494.0,49.9565,25.784,50,0
495.0,49.9565,25.461699999999997,50,0
496.0,49.63419999999999,25.461699999999997,50,0
497.0,49.9565,25.461699999999997,50,0
498.0,49.9565,25.784,50,0
499.0,49.9565,25.784,50,0
500.0,49.9565,25.784,50,0
501.0,49.9565,25.461699999999997,50,0
502.0,49.9565,25.784,50,0
503.0,49.9565,25.784,50,0
504.0,49.9565,25.784,50,0
505.0,49.9565,25.784,50,0
506.0,49.9565,25.784,50,0
507.0,49.9565,25.461699999999997,50,0
508.0,49.9565,25.784,50,0
509.0,49.9565,25.784,50,0
510.0,49.9565,25.784,50,0
511.0,49.9565,25.784,50,0
512.0,49.9565,25.784,50,0
513.0,49.9565,25.784,50,0
514.0,49.9565,25.784,50,0
515.0,49.9565,25.784,50,0
516.0,49.9565,25.784,50,0
517.0,49.9565,25.784,50,0
518.0,49.9565,25.784,50,0
519.0,49.9565,25.784,50,0
520.0,49.9565,25.784,50,0
521.0,49.9565,25.784,50,0
522.0,49.9565,25.784,50,0
523.0,49.9565,25.784,50,0
524.0,49.9565,25.784,50,0
525.0,49.9565,25.784,50,0
526.0,49.9565,25.784,50,0
527.0,49.9565,25.784,50,0
528.0,49.9565,25.784,50,0
529.0,49.9565,25.784,50,0
530.0,49.9565,25.461699999999997,50,0
531.0,49.9565,25.784,50,0
532.0,49.9565,25.784,50,0
533.0,49.9565,25.784,50,0
534.0,49.9565,25.784,50,0
535.0,49.9565,25.784,50,0
536.0,49.9565,25.784,50,0
537.0,49.9565,25.784,50,0
538.0,50.2788,25.784,50,0
539.0,49.9565,25.784,50,0
540.0,49.9565,25.784,50,0
541.0,50.2788,25.784,50,0
542.0,50.2788,25.784,50,0
543.0,50.2788,25.784,50,0
544.0,50.2788,25.784,50,0
545.0,50.2788,25.784,50,0
546.0,49.9565,25.784,50,0
547.0,49.9565,25.784,50,0
549.0,49.9565,25.784,50,0
550.0,49.9565,25.784,50,0
551.0,49.9565,25.784,50,0
552.0,50.2788,25.784,50,0
553.0,50.2788,25.784,50,0
554.0,49.9565,25.784,50,0
555.0,50.2788,25.784,50,0
556.0,50.2788,25.784,50,0
557.0,50.2788,25.784,50,0
558.0,50.2788,25.784,50,0
559.0,50.2788,25.784,50,0
560.0,50.2788,25.784,50,0
561.0,50.2788,25.784,50,0
562.0,50.2788,25.784,50,0
563.0,50.2788,25.784,50,0
564.0,50.2788,25.784,50,0
565.0,50.2788,25.784,50,0
566.0,50.2788,25.784,50,0
567.0,50.2788,25.784,50,0
568.0,50.2788,25.784,50,0
569.0,50.2788,25.784,50,0
570.0,50.2788,25.784,50,0
571.0,50.2788,25.784,50,0
572.0,50.2788,25.784,50,0
573.0,50.2788,25.784,50,0
574.0,50.2788,25.784,50,0
575.0,50.2788,25.784,50,0
576.0,50.2788,25.784,50,0
577.0,50.2788,25.784,50,0
578.0,50.2788,25.784,50,0
579.0,50.2788,25.784,50,0
580.0,50.2788,25.784,50,0
581.0,50.2788,25.784,50,0
582.0,50.2788,25.784,50,0
583.0,50.2788,25.784,50,0
584.0,50.2788,25.784,50,0
585.0,50.2788,25.784,50,0
586.0,50.2788,25.784,50,0
587.0,50.2788,25.784,50,0
588.0,50.2788,25.784,50,0
589.0,50.2788,25.784,50,0
590.0,50.2788,25.784,50,0
591.0,50.2788,25.784,50,0
592.0,50.2788,25.784,50,0
593.0,50.2788,25.784,50,0
594.0,50.2788,25.784,50,0
595.0,50.2788,25.784,50,0
596.0,50.2788,25.784,50,0
597.0,50.2788,25.784,50,0
598.0,50.2788,25.784,50,0
599.0,50.2788,25.784,50,0
600.0,50.2788,25.784,50,0
601.0,50.2788,25.784,50,0
602.0,50.2788,25.784,50,0
603.0,50.2788,25.784,50,0
604.0,50.2788,25.784,50,0
605.0,50.2788,25.784,50,0
606.0,50.2788,25.784,50,0
607.0,50.601099999999995,25.784,50,0
608.0,50.2788,25.784,50,0
609.0,50.2788,25.784,50,0
610.0,50.2788,25.784,50,0
611.0,50.2788,25.784,50,0
612.0,50.2788,25.784,50,0
613.0,50.2788,25.784,50,0
614.0,50.2788,25.784,50,0
615.0,50.2788,25.784,50,0
616.0,50.2788,25.784,50,0
617.0,50.2788,25.784,50,0
618.0,50.2788,25.784,50,0
619.0,50.2788,25.784,50,0
620.0,50.2788,25.784,50,0
621.0,50.2788,25.784,50,0
622.0,50.2788,25.784,50,0
623.0,50.601099999999995,25.784,50,0
624.0,50.2788,25.784,50,0
625.0,50.601099999999995,25.784,50,0
626.0,50.601099999999995,25.784,50,0
627.0,50.2788,25.784,50,0
628.0,50.2788,25.784,50,0
629.0,50.2788,25.784,50,0
630.0,50.2788,25.784,50,0
631.0,50.601099999999995,25.784,50,0
632.0,50.601099999999995,25.784,50,0
633.0,50.601099999999995,25.784,50,0
634.0,50.601099999999995,25.784,50,0
635.0,50.601099999999995,25.784,50,0
636.0,50.601099999999995,25.784,50,0
637.0,50.601099999999995,25.784,50,0
638.0,50.2788,25.784,50,0
639.0,50.601099999999995,25.784,50,0
640.0,50.2788,25.784,50,0
641.0,50.601099999999995,25.784,50,0
642.0,50.601099999999995,25.784,50,0
643.0,50.601099999999995,25.784,50,0
644.0,50.601099999999995,25.784,50,0
645.0,50.601099999999995,25.784,50,0
646.0,50.601099999999995,25.784,50,0
647.0,50.601099999999995,25.784,50,0
648.0,50.2788,25.784,50,0
649.0,50.601099999999995,25.784,50,0
650.0,50.2788,25.784,50,0
651.0,50.2788,25.784,50,0
652.0,50.601099999999995,25.784,50,0
653.0,50.601099999999995,25.784,50,0
654.0,50.2788,25.784,50,0
655.0,50.601099999999995,25.784,50,0
656.0,50.601099999999995,25.784,50,0
657.0,50.601099999999995,25.784,50,0
658.0,50.601099999999995,25.784,50,0
659.0,50.601099999999995,25.784,50,0
660.0,50.601099999999995,25.784,50,0
661.0,50.601099999999995,25.784,50,0
662.0,50.601099999999995,25.784,50,0
663.0,50.601099999999995,25.784,50,0
664.0,50.601099999999995,25.784,50,0
665.0,50.601099999999995,25.784,50,0
666.0,50.601099999999995,25.784,50,0
667.0,50.601099999999995,25.784,50,0
669.0,50.601099999999995,25.784,50,0
670.0,50.601099999999995,25.784,50,0
671.0,50.601099999999995,25.784,50,0
672.0,50.601099999999995,25.784,50,0
673.0,50.601099999999995,25.784,50,0
674.0,50.601099999999995,25.784,50,0
675.0,50.601099999999995,25.784,50,0
676.0,50.601099999999995,25.784,50,0
677.0,50.601099999999995,25.784,50,0
678.0,50.601099999999995,25.784,50,0
679.0,50.601099999999995,25.784,50,0
680.0,50.601099999999995,25.784,50,0
681.0,50.601099999999995,25.784,50,0
682.0,50.601099999999995,25.784,50,0
683.0,50.601099999999995,25.784,50,0
684.0,50.601099999999995,25.784,50,0
685.0,50.601099999999995,25.784,50,0
686.0,50.601099999999995,25.784,50,0
687.0,50.601099999999995,25.784,50,0
688.0,50.601099999999995,25.784,50,0
689.0,50.601099999999995,25.784,50,0
690.0,50.601099999999995,25.784,50,0
691.0,50.601099999999995,25.784,50,0
692.0,50.601099999999995,25.784,50,0
693.0,50.601099999999995,25.784,50,0
694.0,50.601099999999995,25.784,50,0
695.0,50.601099999999995,25.784,50,0
696.0,50.601099999999995,25.784,50,0
697.0,50.601099999999995,25.784,50,0
698.0,50.601099999999995,25.784,50,0
699.0,50.601099999999995,25.784,50,0
700.0,50.601099999999995,25.784,50,0
