Time,T1,T2,Q1,Q2
0.0,20.949499999999997,20.949499999999997,45,0
1.0,20.949499999999997,20.949499999999997,45,0
2.0,20.949499999999997,20.949499999999997,45,0
3.0,20.949499999999997,20.949499999999997,45,0
4.0,20.949499999999997,20.6272,45,0
5.0,20.949499999999997,20.949499999999997,45,0
6.0,20.949499999999997,20.949499999999997,45,0
7.0,20.949499999999997,20.949499999999997,45,0
8.0,21.2718,20.949499999999997,45,0
9.0,21.2718,20.949499999999997,45,0
10.0,21.2718,20.949499999999997,45,0
11.0,21.2718,20.949499999999997,45,0
12.0,21.594099999999997,20.949499999999997,45,0
13.0,21.594099999999997,20.949499999999997,45,0
14.0,21.594099999999997,20.949499999999997,45,0
15.0,21.9164,20.949499999999997,45,0
16.0,21.9164,20.949499999999997,45,0
17.0,21.9164,20.949499999999997,45,0
18.0,22.238699999999998,20.949499999999997,45,0
19.0,22.238699999999998,20.949499999999997,45,0
20.0,22.238699999999998,20.949499999999997,45,0
21.0,22.238699999999998,20.949499999999997,45,0
22.0,22.561,20.949499999999997,45,0
23.0,22.561,20.949499999999997,45,0
24.0,22.8833,20.949499999999997,45,0
25.0,22.8833,20.949499999999997,45,0
26.0,23.205599999999997,20.949499999999997,45,0
27.0,23.205599999999997,20.949499999999997,45,0
28.0,23.205599999999997,20.949499999999997,45,0
29.0,23.5279,20.949499999999997,45,0
30.0,23.5279,20.949499999999997,45,0
31.0,23.850199999999997,20.949499999999997,45,0
32.0,23.850199999999997,21.2718,45,0
33.0,24.1725,21.2718,45,0
34.0,24.1725,21.2718,45,0
35.0,24.494799999999998,21.2718,45,0
36.0,24.494799999999998,21.2718,45,0
37.0,24.494799999999998,21.2718,45,0
38.0,24.817099999999996,21.2718,45,0
39.0,24.817099999999996,21.2718,45,0
40.0,25.1394,21.2718,45,0
41.0,25.1394,21.2718,45,0
42.0,25.461699999999997,21.2718,45,0
43.0,25.461699999999997,21.2718,45,0
44.0,25.784,21.2718,45,0
45.0,25.784,21.2718,45,0
46.0,25.784,21.2718,45,0
47.0,26.106299999999997,21.2718,45,0
48.0,26.106299999999997,21.2718,45,0
49.0,26.4286,21.2718,45,0
50.0,26.4286,21.594099999999997,45,0
51.0,26.750899999999998,21.594099999999997,45,0
52.0,26.750899999999998,21.594099999999997,45,0
53.0,26.750899999999998,21.594099999999997,45,0
54.0,27.073199999999996,21.594099999999997,45,0
55.0,27.073199999999996,21.594099999999997,45,0
56.0,27.3955,21.594099999999997,45,0
57.0,27.3955,21.594099999999997,45,0
58.0,27.717799999999997,21.594099999999997,45,0
59.0,27.717799999999997,21.594099999999997,45,0
60.0,27.717799999999997,21.594099999999997,45,0
61.0,28.0401,21.594099999999997,45,0
62.0,28.0401,21.594099999999997,45,0
63.0,28.362399999999997,21.594099999999997,45,0
64.0,28.362399999999997,21.9164,45,0
65.0,28.362399999999997,21.594099999999997,45,0
66.0,28.6847,21.9164,45,0
67.0,28.6847,21.9164,45,0
68.0,29.006999999999998,21.9164,45,0
69.0,29.006999999999998,21.9164,45,0
70.0,29.329299999999996,21.9164,45,0
71.0,29.329299999999996,21.9164,45,0
72.0,29.329299999999996,21.9164,45,0
73.0,29.6516,21.9164,45,0
74.0,29.6516,21.9164,45,0
75.0,29.6516,21.9164,45,0
76.0,29.973899999999997,21.9164,45,0
77.0,29.973899999999997,21.9164,45,0
78.0,30.2962,21.9164,45,0
79.0,30.2962,21.9164,45,0
80.0,30.618499999999997,22.238699999999998,45,0
81.0,30.618499999999997,21.9164,45,0
82.0,30.618499999999997,22.238699999999998,45,0
83.0,30.940799999999996,22.238699999999998,45,0
84.0,30.940799999999996,22.238699999999998,45,0
85.0,31.263099999999998,22.238699999999998,45,0
86.0,31.263099999999998,22.238699999999998,45,0
87.0,31.263099999999998,22.238699999999998,45,0
88.0,31.585399999999996,22.238699999999998,45,0
89.0,31.585399999999996,22.238699999999998,45,0
90.0,31.585399999999996,22.238699999999998,45,0
91.0,31.585399999999996,22.238699999999998,45,0
92.0,31.9077,22.238699999999998,45,0
93.0,31.9077,22.238699999999998,45,0
94.0,32.23,22.561,45,0
95.0,32.23,22.238699999999998,45,0
96.0,32.23,22.561,45,0
97.0,32.552299999999995,22.561,45,0
98.0,32.552299999999995,22.561,45,0
99.0,32.552299999999995,22.561,45,0
100.0,32.552299999999995,22.561,45,0
101.0,32.8746,22.561,45,0
102.0,32.8746,22.561,45,0
103.0,33.1969,22.561,45,0
104.0,33.1969,22.561,45,0
105.0,33.1969,22.561,45,0
106.0,33.1969,22.561,45,0
107.0,33.5192,22.561,45,0
108.0,33.5192,22.561,45,0
109.0,33.5192,22.561,45,0
110.0,33.841499999999996,22.8833,45,0
111.0,33.841499999999996,22.8833,45,0
112.0,33.841499999999996,22.8833,45,0
113.0,34.163799999999995,22.8833,45,0
114.0,34.163799999999995,22.8833,45,0
115.0,34.163799999999995,22.8833,45,0
116.0,34.4861,22.561,45,0
117.0,34.4861,22.8833,45,0
118.0,34.4861,22.8833,45,0
119.0,34.4861,22.8833,45,0
120.0,34.8084,22.8833,45,0
121.0,34.8084,22.8833,45,0
122.0,34.8084,22.8833,45,0
123.0,35.1307,22.8833,45,0
124.0,35.1307,22.8833,45,0
125.0,35.1307,22.8833,45,0
126.0,35.1307,22.8833,45,0
127.0,35.1307,23.205599999999997,45,0
128.0,35.452999999999996,22.8833,45,0
129.0,35.452999999999996,22.8833,45,0
130.0,35.775299999999994,22.8833,45,0
131.0,35.775299999999994,23.205599999999997,45,0
132.0,35.775299999999994,22.8833,45,0
133.0,35.775299999999994,23.205599999999997,45,0
134.0,36.0976,23.205599999999997,45,0
135.0,36.0976,23.205599999999997,45,0
136.0,36.4199,23.205599999999997,45,0
137.0,36.0976,23.205599999999997,45,0
138.0,36.4199,23.205599999999997,45,0
139.0,36.4199,23.205599999999997,45,0
140.0,36.4199,23.205599999999997,45,0
141.0,36.4199,23.205599999999997,45,0
142.0,36.7422,23.205599999999997,45,0
143.0,36.7422,23.205599999999997,45,0
144.0,36.7422,23.205599999999997,45,0
145.0,36.7422,23.205599999999997,45,0
146.0,37.064499999999995,23.205599999999997,45,0
147.0,37.064499999999995,23.5279,45,0
148.0,37.064499999999995,23.205599999999997,45,0
149.0,37.064499999999995,23.5279,45,0
150.0,37.386799999999994,23.205599999999997,45,0
151.0,37.386799999999994,23.5279,45,0
152.0,37.386799999999994,23.5279,45,0
153.0,37.386799999999994,23.5279,45,0
154.0,37.7091,23.5279,45,0
155.0,37.386799999999994,23.5279,45,0
156.0,37.7091,23.205599999999997,45,0
157.0,37.7091,23.5279,45,0
158.0,38.0314,23.5279,45,0
159.0,37.7091,23.5279,45,0
160.0,38.0314,23.5279,45,0
161.0,38.0314,23.5279,45,0
162.0,38.0314,23.5279,45,0
163.0,38.0314,23.5279,45,0
164.0,38.353699999999996,23.5279,45,0
165.0,38.353699999999996,23.5279,45,0
166.0,38.353699999999996,23.5279,45,0
167.0,38.353699999999996,23.5279,45,0
168.0,38.675999999999995,23.5279,45,0
169.0,38.675999999999995,23.5279,45,0
170.0,38.675999999999995,23.5279,45,0
171.0,38.675999999999995,23.5279,45,0
172.0,38.675999999999995,23.5279,45,0
173.0,38.9983,23.850199999999997,45,0
174.0,38.9983,23.5279,45,0
175.0,38.9983,23.850199999999997,45,0
176.0,38.9983,23.5279,45,0
177.0,38.9983,23.5279,45,0
178.0,38.9983,23.5279,45,0
179.0,39.3206,23.850199999999997,45,0
180.0,39.3206,23.850199999999997,45,0
181.0,39.3206,23.850199999999997,45,0
182.0,39.3206,23.850199999999997,45,0
183.0,39.3206,23.850199999999997,45,0
184.0,39.6429,23.850199999999997,45,0
185.0,39.6429,23.850199999999997,45,0
186.0,39.6429,23.850199999999997,45,0
187.0,39.6429,23.850199999999997,45,0
188.0,39.6429,23.850199999999997,45,0
189.0,39.965199999999996,23.850199999999997,45,0
190.0,39.965199999999996,23.850199999999997,45,0
191.0,39.965199999999996,23.850199999999997,45,0
192.0,39.965199999999996,23.850199999999997,45,0
193.0,39.965199999999996,23.850199999999997,45,0
194.0,40.287499999999994,23.850199999999997,45,0
195.0,40.287499999999994,23.850199999999997,45,0
196.0,40.287499999999994,23.850199999999997,45,0
197.0,40.287499999999994,23.850199999999997,45,0
198.0,40.287499999999994,23.850199999999997,45,0
199.0,40.287499999999994,23.850199999999997,45,0
200.0,40.287499999999994,23.850199999999997,45,0
201.0,40.6098,23.850199999999997,45,0
202.0,40.6098,23.850199999999997,45,0
203.0,40.6098,23.850199999999997,45,0
204.0,40.6098,23.850199999999997,45,0
205.0,40.6098,23.850199999999997,45,0
206.0,40.6098,23.850199999999997,45,0
207.0,40.6098,23.850199999999997,45,0
208.0,40.9321,23.850199999999997,45,0
209.0,40.9321,23.850199999999997,45,0
210.0,40.9321,24.1725,45,0
211.0,40.9321,24.1725,45,0
212.0,40.9321,24.1725,45,0
213.0,40.9321,24.1725,45,0
214.0,41.2544,24.1725,45,0
215.0,40.9321,24.1725,45,0
216.0,41.2544,24.1725,45,0
217.0,41.2544,24.1725,45,0
218.0,41.2544,24.1725,45,0
219.0,41.2544,24.1725,45,0
220.0,41.2544,24.1725,45,0
221.0,41.576699999999995,24.1725,45,0
222.0,41.576699999999995,24.1725,45,0
223.0,41.576699999999995,24.1725,45,0
224.0,41.576699999999995,24.1725,45,0
225.0,41.576699999999995,24.1725,45,0
226.0,41.576699999999995,24.1725,45,0
227.0,41.576699999999995,24.1725,45,0
228.0,41.898999999999994,24.1725,45,0
229.0,41.898999999999994,24.1725,45,0
230.0,41.898999999999994,24.1725,45,0
231.0,41.898999999999994,24.1725,45,0
232.0,41.898999999999994,24.1725,45,0
233.0,41.898999999999994,24.1725,45,0
234.0,41.898999999999994,24.1725,45,0
235.0,41.898999999999994,24.1725,45,0
236.0,42.2213,24.1725,45,0
237.0,42.2213,24.1725,45,0
238.0,42.2213,24.1725,45,0
239.0,42.2213,24.1725,45,0
240.0,42.2213,24.1725,45,0
241.0,42.2213,24.1725,45,0
242.0,42.2213,24.494799999999998,45,0
243.0,42.2213,24.1725,45,0
244.0,42.5436,24.494799999999998,45,0
245.0,42.5436,24.494799999999998,45,0
246.0,42.5436,24.1725,45,0
247.0,42.5436,24.1725,45,0
249.0,42.5436,24.494799999999998,45,0
250.0,42.5436,24.1725,45,0
251.0,42.865899999999996,24.494799999999998,45,0
252.0,42.865899999999996,24.1725,45,0
253.0,42.5436,24.494799999999998,45,0
254.0,42.865899999999996,24.494799999999998,45,0
255.0,42.865899999999996,24.494799999999998,45,0
256.0,42.865899999999996,24.494799999999998,45,0
257.0,42.865899999999996,24.494799999999998,45,0
258.0,42.865899999999996,24.494799999999998,45,0
259.0,42.865899999999996,24.494799999999998,45,0
260.0,42.865899999999996,24.494799999999998,45,0
261.0,42.865899999999996,24.494799999999998,45,0
262.0,43.188199999999995,24.494799999999998,45,0
263.0,43.188199999999995,24.494799999999998,45,0
264.0,43.188199999999995,24.494799999999998,45,0
265.0,43.188199999999995,24.494799999999998,45,0
266.0,43.188199999999995,24.494799999999998,45,0
267.0,43.188199999999995,24.494799999999998,45,0
268.0,43.188199999999995,24.494799999999998,45,0
269.0,43.51049999999999,24.494799999999998,45,0
270.0,43.188199999999995,24.494799999999998,45,0
271.0,43.51049999999999,24.494799999999998,45,0
272.0,43.51049999999999,24.494799999999998,45,0
273.0,43.51049999999999,24.494799999999998,45,0
274.0,43.51049999999999,24.494799999999998,45,0
276.0,43.51049999999999,24.494799999999998,45,0
277.0,43.51049999999999,24.494799999999998,45,0
278.0,43.51049999999999,24.494799999999998,45,0
280.0,43.8328,24.494799999999998,45,0
281.0,43.51049999999999,24.494799999999998,45,0
282.0,43.8328,24.494799999999998,45,0
283.0,43.8328,24.494799999999998,45,0
284.0,43.8328,24.494799999999998,45,0
285.0,43.8328,24.494799999999998,45,0
286.0,43.8328,24.494799999999998,45,0
287.0,43.8328,24.494799999999998,45,0
288.0,43.8328,24.494799999999998,45,0
289.0,43.8328,24.494799999999998,45,0
290.0,43.8328,24.494799999999998,45,0
291.0,43.8328,24.494799999999998,45,0
292.0,44.1551,24.494799999999998,45,0
293.0,44.1551,24.494799999999998,45,0
294.0,44.1551,24.817099999999996,45,0
295.0,44.1551,24.494799999999998,45,0
296.0,44.1551,24.494799999999998,45,0
297.0,44.1551,24.817099999999996,45,0
298.0,44.1551,24.494799999999998,45,0
299.0,44.1551,24.817099999999996,45,0
300.0,44.1551,24.494799999999998,45,0
301.0,44.1551,24.817099999999996,45,0
302.0,44.1551,24.817099999999996,45,0
303.0,44.477399999999996,24.494799999999998,45,0
304.0,44.1551,24.817099999999996,45,0
305.0,44.477399999999996,24.817099999999996,45,0
306.0,44.1551,24.817099999999996,45,0
307.0,44.477399999999996,24.817099999999996,45,0
308.0,44.477399999999996,24.817099999999996,45,0
309.0,44.477399999999996,24.817099999999996,45,0
310.0,44.477399999999996,24.817099999999996,45,0
311.0,44.477399999999996,24.817099999999996,45,0
312.0,44.477399999999996,24.817099999999996,45,0
313.0,44.477399999999996,24.817099999999996,45,0
314.0,44.477399999999996,24.817099999999996,45,0
315.0,44.477399999999996,24.817099999999996,45,0
316.0,44.477399999999996,24.817099999999996,45,0
317.0,44.799699999999994,24.817099999999996,45,0
318.0,44.799699999999994,24.817099999999996,45,0
319.0,44.477399999999996,24.817099999999996,45,0
320.0,44.799699999999994,24.817099999999996,45,0
321.0,44.799699999999994,24.817099999999996,45,0
322.0,44.799699999999994,24.817099999999996,45,0
323.0,44.799699999999994,24.817099999999996,45,0
324.0,44.799699999999994,24.817099999999996,45,0
325.0,44.799699999999994,24.817099999999996,45,0
326.0,44.799699999999994,24.817099999999996,45,0
327.0,44.799699999999994,24.817099999999996,45,0
328.0,44.799699999999994,24.817099999999996,45,0
329.0,44.799699999999994,24.817099999999996,45,0
330.0,44.799699999999994,24.817099999999996,45,0
331.0,44.799699999999994,24.817099999999996,45,0
332.0,45.122,24.817099999999996,45,0
333.0,45.122,24.817099999999996,45,0
334.0,45.122,24.817099999999996,45,0
335.0,44.799699999999994,24.817099999999996,45,0
336.0,45.122,24.817099999999996,45,0
337.0,45.122,24.817099999999996,45,0
338.0,45.122,24.817099999999996,45,0
339.0,45.122,24.817099999999996,45,0
340.0,45.122,24.817099999999996,45,0
341.0,45.122,24.817099999999996,45,0
342.0,45.122,24.817099999999996,45,0
343.0,45.122,24.817099999999996,45,0
344.0,45.122,24.817099999999996,45,0
345.0,45.122,24.817099999999996,45,0
346.0,45.122,24.817099999999996,45,0
348.0,45.122,24.817099999999996,45,0
349.0,45.4443,24.817099999999996,45,0
350.0,45.122,24.817099999999996,45,0
351.0,45.122,24.817099999999996,45,0
352.0,45.4443,24.817099999999996,45,0
353.0,45.4443,24.817099999999996,45,0
354.0,45.4443,24.817099999999996,45,0
355.0,45.4443,24.817099999999996,45,0
356.0,45.4443,24.817099999999996,45,0
357.0,45.4443,24.817099999999996,45,0
358.0,45.4443,24.817099999999996,45,0
359.0,45.4443,24.817099999999996,45,0
360.0,45.4443,24.817099999999996,45,0
361.0,45.4443,24.817099999999996,45,0
362.0,45.4443,24.817099999999996,45,0
363.0,45.4443,24.817099999999996,45,0
364.0,45.4443,24.817099999999996,45,0
365.0,45.4443,24.817099999999996,45,0
366.0,45.7666,24.817099999999996,45,0
367.0,45.4443,24.817099999999996,45,0
368.0,45.7666,24.817099999999996,45,0
369.0,45.7666,24.817099999999996,45,0
370.0,45.4443,24.817099999999996,45,0
371.0,45.7666,25.1394,45,0
372.0,45.4443,24.817099999999996,45,0
373.0,45.7666,24.817099999999996,45,0
374.0,45.7666,24.817099999999996,45,0
375.0,45.7666,24.817099999999996,45,0
376.0,45.7666,24.817099999999996,45,0
377.0,45.7666,25.1394,45,0
378.0,45.7666,24.817099999999996,45,0
379.0,45.7666,24.817099999999996,45,0
380.0,45.7666,25.1394,45,0
381.0,45.7666,24.817099999999996,45,0
382.0,45.7666,25.1394,45,0
383.0,45.7666,24.817099999999996,45,0
384.0,45.7666,25.1394,45,0
385.0,45.7666,25.1394,45,0
386.0,45.7666,24.817099999999996,45,0
387.0,45.7666,24.817099999999996,45,0
388.0,45.7666,25.1394,45,0
389.0,46.088899999999995,24.817099999999996,45,0
390.0,45.7666,25.1394,45,0
391.0,45.7666,25.1394,45,0
392.0,46.088899999999995,25.1394,45,0
393.0,46.088899999999995,25.1394,45,0
394.0,46.088899999999995,24.817099999999996,45,0
395.0,46.088899999999995,25.1394,45,0
396.0,46.088899999999995,25.1394,45,0
397.0,46.088899999999995,25.1394,45,0
398.0,46.088899999999995,25.1394,45,0
399.0,46.088899999999995,24.817099999999996,45,0
400.0,46.088899999999995,25.1394,45,0
401.0,46.088899999999995,25.1394,45,0
402.0,46.088899999999995,25.1394,45,0
403.0,46.088899999999995,25.1394,45,0
404.0,46.088899999999995,24.817099999999996,45,0
405.0,46.088899999999995,25.1394,45,0
406.0,46.088899999999995,25.1394,45,0
407.0,46.088899999999995,25.1394,45,0
408.0,46.088899999999995,25.1394,45,0
409.0,46.088899999999995,24.817099999999996,45,0
410.0,46.088899999999995,25.1394,45,0
411.0,46.088899999999995,25.1394,45,0
412.0,46.088899999999995,25.1394,45,0
413.0,46.411199999999994,25.1394,45,0
414.0,46.088899999999995,25.1394,45,0
415.0,46.411199999999994,25.1394,45,0
416.0,46.411199999999994,25.1394,45,0
417.0,46.088899999999995,25.1394,45,0
418.0,46.088899999999995,24.817099999999996,45,0
419.0,46.411199999999994,25.1394,45,0
420.0,46.411199999999994,25.1394,45,0
421.0,46.411199999999994,25.1394,45,0
422.0,46.411199999999994,25.1394,45,0
423.0,46.411199999999994,25.1394,45,0
424.0,46.411199999999994,25.1394,45,0
425.0,46.411199999999994,25.1394,45,0
426.0,46.411199999999994,25.1394,45,0
427.0,46.411199999999994,25.1394,45,0
428.0,46.411199999999994,25.1394,45,0
429.0,46.411199999999994,25.1394,45,0
430.0,46.411199999999994,25.1394,45,0
431.0,46.411199999999994,25.1394,45,0
432.0,46.411199999999994,25.1394,45,0
433.0,46.411199999999994,25.1394,45,0
434.0,46.411199999999994,25.1394,45,0
435.0,46.411199999999994,25.1394,45,0
436.0,46.411199999999994,25.1394,45,0
437.0,46.411199999999994,25.1394,45,0
438.0,46.411199999999994,25.1394,45,0
439.0,46.411199999999994,25.1394,45,0
440.0,46.411199999999994,25.1394,45,0
441.0,46.411199999999994,25.1394,45,0
442.0,46.411199999999994,25.1394,45,0
443.0,46.411199999999994,25.1394,45,0
444.0,46.411199999999994,25.1394,45,0
445.0,46.411199999999994,25.1394,45,0
446.0,46.411199999999994,25.1394,45,0
447.0,46.411199999999994,25.1394,45,0
448.0,46.411199999999994,25.1394,45,0
449.0,46.411199999999994,25.1394,45,0
450.0,46.411199999999994,25.1394,45,0
451.0,46.411199999999994,25.1394,45,0
452.0,46.411199999999994,25.1394,45,0
453.0,46.7335,25.1394,45,0
454.0,46.7335,25.1394,45,0
455.0,46.7335,25.1394,45,0
456.0,46.7335,25.1394,45,0
457.0,46.7335,25.1394,45,0
458.0,46.7335,25.1394,45,0
459.0,46.7335,25.1394,45,0
460.0,46.7335,25.1394,45,0
461.0,46.7335,25.1394,45,0
462.0,46.7335,25.1394,45,0
463.0,46.7335,25.1394,45,0
464.0,46.7335,25.1394,45,0
465.0,46.7335,25.1394,45,0
466.0,46.7335,25.1394,45,0
467.0,46.7335,25.1394,45,0
468.0,46.7335,25.1394,45,0
469.0,46.7335,25.1394,45,0
470.0,46.7335,25.1394,45,0
471.0,46.7335,25.1394,45,0
472.0,46.7335,25.1394,45,0
473.0,46.7335,25.1394,45,0
474.0,46.7335,25.1394,45,0
475.0,46.7335,25.1394,45,0
476.0,46.7335,25.1394,45,0
477.0,46.7335,25.1394,45,0
478.0,46.7335,25.1394,45,0
480.0,46.7335,25.1394,45,0
481.0,46.7335,25.1394,45,0
482.0,46.7335,25.1394,45,0
483.0,46.7335,25.1394,45,0
484.0,46.7335,25.1394,45,0
485.0,46.7335,25.1394,45,0
486.0,47.0558,25.1394,45,0
487.0,46.7335,25.1394,45,0
488.0,46.7335,25.1394,45,0
489.0,47.0558,25.1394,45,0
490.0,46.7335,25.1394,45,0
491.0,47.0558,25.1394,45,0
492.0,46.7335,25.1394,45,0
493.0,47.0558,25.1394,45,0
494.0,46.7335,25.1394,45,0
495.0,47.0558,25.1394,45,0
496.0,47.0558,25.1394,45,0
497.0,47.0558,25.1394,45,0
498.0,47.0558,25.1394,45,0
499.0,47.0558,25.1394,45,0
500.0,47.0558,25.1394,45,0
501.0,47.0558,25.1394,45,0
502.0,47.0558,25.1394,45,0
503.0,47.0558,25.1394,45,0
504.0,47.0558,25.1394,45,0
505.0,47.0558,25.1394,45,0
506.0,47.0558,25.1394,45,0
507.0,47.0558,25.1394,45,0
508.0,47.0558,25.1394,45,0
509.0,47.0558,25.1394,45,0
510.0,47.0558,25.1394,45,0
511.0,47.0558,25.1394,45,0
512.0,47.0558,25.1394,45,0
513.0,47.0558,25.1394,45,0
514.0,47.0558,25.1394,45,0
515.0,47.0558,25.1394,45,0
516.0,47.0558,25.1394,45,0
517.0,47.0558,25.1394,45,0
518.0,47.0558,25.1394,45,0
519.0,47.0558,25.1394,45,0
520.0,47.0558,25.1394,45,0
521.0,47.0558,25.1394,45,0
522.0,47.0558,25.1394,45,0
523.0,47.0558,25.1394,45,0
524.0,47.0558,25.1394,45,0
525.0,47.0558,25.1394,45,0
526.0,47.0558,25.1394,45,0
527.0,47.0558,25.1394,45,0
528.0,47.0558,25.1394,45,0
529.0,47.0558,25.1394,45,0
530.0,47.0558,25.1394,45,0
531.0,47.0558,25.1394,45,0
532.0,47.0558,25.1394,45,0
533.0,47.0558,25.1394,45,0
534.0,47.0558,25.1394,45,0
535.0,47.0558,25.1394,45,0
536.0,47.0558,25.1394,45,0
537.0,47.0558,25.1394,45,0
538.0,47.0558,25.1394,45,0
539.0,47.0558,25.1394,45,0
540.0,47.0558,25.1394,45,0
541.0,47.0558,25.1394,45,0
542.0,47.0558,25.1394,45,0
543.0,47.0558,25.1394,45,0
544.0,47.0558,25.1394,45,0
545.0,47.0558,25.1394,45,0
546.0,47.0558,25.1394,45,0
547.0,47.0558,25.1394,45,0
548.0,47.0558,25.1394,45,0
549.0,47.0558,25.1394,45,0
550.0,47.378099999999996,25.1394,45,0
551.0,47.378099999999996,25.1394,45,0
552.0,47.378099999999996,25.1394,45,0
553.0,47.0558,25.1394,45,0
554.0,47.378099999999996,25.1394,45,0
555.0,47.0558,25.1394,45,0
556.0,47.378099999999996,25.1394,45,0
557.0,47.0558,25.1394,45,0
558.0,47.378099999999996,25.1394,45,0
559.0,47.0558,25.1394,45,0
560.0,47.378099999999996,25.1394,45,0
561.0,47.378099999999996,25.1394,45,0
562.0,47.378099999999996,25.1394,45,0
563.0,47.378099999999996,25.1394,45,0
564.0,47.378099999999996,25.461699999999997,45,0
565.0,47.378099999999996,25.1394,45,0
566.0,47.0558,25.1394,45,0
567.0,47.378099999999996,25.1394,45,0
568.0,47.378099999999996,25.1394,45,0
569.0,47.0558,25.1394,45,0
570.0,47.378099999999996,25.1394,45,0
571.0,47.378099999999996,25.1394,45,0
572.0,47.378099999999996,25.1394,45,0
573.0,47.378099999999996,25.1394,45,0
574.0,47.378099999999996,25.1394,45,0
575.0,47.378099999999996,25.1394,45,0
576.0,47.378099999999996,25.461699999999997,45,0
577.0,47.378099999999996,25.1394,45,0
578.0,47.378099999999996,25.1394,45,0
579.0,47.378099999999996,25.461699999999997,45,0
580.0,47.378099999999996,25.1394,45,0
581.0,47.378099999999996,25.1394,45,0
582.0,47.378099999999996,25.1394,45,0
583.0,47.378099999999996,25.1394,45,0
584.0,47.378099999999996,25.1394,45,0
585.0,47.378099999999996,25.1394,45,0
586.0,47.378099999999996,25.1394,45,0
587.0,47.378099999999996,25.1394,45,0
588.0,47.378099999999996,25.1394,45,0
589.0,47.378099999999996,25.1394,45,0
590.0,47.378099999999996,25.461699999999997,45,0
591.0,47.378099999999996,25.1394,45,0
592.0,47.378099999999996,25.1394,45,0
593.0,47.378099999999996,25.1394,45,0
594.0,47.378099999999996,25.1394,45,0
595.0,47.378099999999996,25.461699999999997,45,0
596.0,47.378099999999996,25.1394,45,0
597.0,47.378099999999996,25.1394,45,0
598.0,47.378099999999996,25.1394,45,0
599.0,47.378099999999996,25.1394,45,0
600.0,47.378099999999996,25.1394,45,0
601.0,47.378099999999996,25.1394,45,0
602.0,47.378099999999996,25.1394,45,0
603.0,47.378099999999996,25.1394,45,0
604.0,47.378099999999996,25.1394,45,0
605.0,47.378099999999996,25.1394,45,0
606.0,47.378099999999996,25.1394,45,0
607.0,47.378099999999996,25.1394,45,0
608.0,47.378099999999996,25.461699999999997,45,0
609.0,47.378099999999996,25.1394,45,0
610.0,47.378099999999996,25.1394,45,0
611.0,47.378099999999996,25.1394,45,0
612.0,47.378099999999996,25.1394,45,0
613.0,47.378099999999996,25.1394,45,0
614.0,47.378099999999996,25.1394,45,0
615.0,47.378099999999996,25.1394,45,0
616.0,47.378099999999996,25.1394,45,0
617.0,47.378099999999996,25.1394,45,0
618.0,47.378099999999996,25.1394,45,0
619.0,47.378099999999996,25.1394,45,0
620.0,47.378099999999996,25.1394,45,0
621.0,47.378099999999996,25.461699999999997,45,0
622.0,47.378099999999996,25.461699999999997,45,0
623.0,47.378099999999996,25.461699999999997,45,0
624.0,47.378099999999996,25.1394,45,0
625.0,47.378099999999996,25.1394,45,0
627.0,47.378099999999996,25.461699999999997,45,0
628.0,47.378099999999996,25.461699999999997,45,0
629.0,47.378099999999996,25.1394,45,0
630.0,47.378099999999996,25.1394,45,0
631.0,47.700399999999995,25.1394,45,0
633.0,47.378099999999996,25.1394,45,0
634.0,47.700399999999995,25.1394,45,0
635.0,47.378099999999996,25.461699999999997,45,0
636.0,47.378099999999996,25.461699999999997,45,0
637.0,47.378099999999996,25.461699999999997,45,0
638.0,47.378099999999996,25.1394,45,0
639.0,47.378099999999996,25.1394,45,0
640.0,47.378099999999996,25.1394,45,0
641.0,47.378099999999996,25.1394,45,0
642.0,47.378099999999996,25.1394,45,0
643.0,47.378099999999996,25.1394,45,0
644.0,47.378099999999996,25.1394,45,0
645.0,47.378099999999996,25.1394,45,0
646.0,47.700399999999995,25.461699999999997,45,0
647.0,47.378099999999996,25.1394,45,0
648.0,47.378099999999996,25.461699999999997,45,0
649.0,47.378099999999996,25.461699999999997,45,0
650.0,47.700399999999995,25.1394,45,0
651.0,47.378099999999996,25.1394,45,0
652.0,47.378099999999996,25.1394,45,0
653.0,47.378099999999996,25.461699999999997,45,0
654.0,47.378099999999996,25.1394,45,0
655.0,47.378099999999996,25.1394,45,0
656.0,47.700399999999995,25.1394,45,0
657.0,47.700399999999995,25.1394,45,0
658.0,47.378099999999996,25.1394,45,0
659.0,47.378099999999996,25.1394,45,0
660.0,47.700399999999995,25.1394,45,0
661.0,47.700399999999995,25.1394,45,0
662.0,47.700399999999995,25.1394,45,0
663.0,47.378099999999996,25.1394,45,0
664.0,47.378099999999996,25.1394,45,0
665.0,47.700399999999995,25.1394,45,0
666.0,47.378099999999996,25.1394,45,0
667.0,47.378099999999996,25.461699999999997,45,0
668.0,47.378099999999996,25.461699999999997,45,0
669.0,47.378099999999996,25.1394,45,0
670.0,47.700399999999995,25.1394,45,0
671.0,47.378099999999996,25.1394,45,0
672.0,47.700399999999995,25.1394,45,0
673.0,47.700399999999995,25.1394,45,0
674.0,47.700399999999995,25.1394,45,0
675.0,47.700399999999995,25.1394,45,0
676.0,47.700399999999995,25.461699999999997,45,0
677.0,47.700399999999995,25.1394,45,0
678.0,47.700399999999995,25.1394,45,0
679.0,47.700399999999995,25.461699999999997,45,0
680.0,47.700399999999995,25.461699999999997,45,0
681.0,47.378099999999996,25.1394,45,0
682.0,47.700399999999995,25.461699999999997,45,0
683.0,47.700399999999995,25.1394,45,0
684.0,47.700399999999995,25.1394,45,0
685.0,47.700399999999995,25.1394,45,0
686.0,47.700399999999995,25.461699999999997,45,0
687.0,47.700399999999995,25.461699999999997,45,0
688.0,47.700399999999995,25.1394,45,0
689.0,47.378099999999996,25.1394,45,0
690.0,47.700399999999995,25.1394,45,0
691.0,47.700399999999995,25.461699999999997,45,0
692.0,47.378099999999996,25.1394,45,0
693.0,47.700399999999995,25.461699999999997,45,0
694.0,47.700399999999995,25.461699999999997,45,0
695.0,47.700399999999995,25.1394,45,0
696.0,47.700399999999995,25.1394,45,0
697.0,47.700399999999995,25.1394,45,0
698.0,47.700399999999995,25.1394,45,0
699.0,47.700399999999995,25.1394,45,0
700.0,47.700399999999995,25.1394,45,0
